ImageId,Class
0,3
1,6
2,5
3,3
4,4
5,7
6,3
7,4
8,3
9,6
10,4
11,6
12,6
13,2
14,5
15,0
16,1
17,6
18,7
19,6
20,8
21,9
22,4
23,8
24,5
25,8
26,7
27,2
28,3
29,7
30,5
31,4
32,2
33,5
34,3
35,4
36,6
37,4
38,6
39,7
40,7
41,8
42,7
43,3
44,7
45,9
46,1
47,5
48,0
49,7
50,1
51,9
52,0
53,1
54,1
55,1
56,6
57,4
58,5
59,3
60,5
61,4
62,2
63,4
64,9
65,9
66,3
67,9
68,1
69,7
70,4
71,1
72,8
73,5
74,8
75,6
76,7
77,5
78,6
79,6
80,2
81,6
82,2
83,1
84,9
85,5
86,6
87,3
88,5
89,9
90,9
91,0
92,1
93,7
94,2
95,5
96,2
97,4
98,7
99,9
100,9
101,8
102,7
103,0
104,9
105,0
106,8
107,4
108,9
109,4
110,7
111,9
112,0
113,5
114,5
115,6
116,0
117,9
118,3
119,2
120,8
121,9
122,4
123,5
124,6
125,3
126,1
127,4
128,4
129,8
130,0
131,7
132,3
133,5
134,6
135,5
136,2
137,3
138,0
139,3
140,1
141,4
142,3
143,7
144,1
145,1
146,0
147,2
148,9
149,2
150,0
151,7
152,1
153,4
154,2
155,5
156,3
157,4
158,5
159,5
160,6
161,0
162,7
163,7
164,8
165,4
166,9
167,5
168,0
169,0
170,1
171,6
172,4
173,2
174,7
175,2
176,8
177,0
178,9
179,3
180,0
181,3
182,1
183,5
184,4
185,4
186,7
187,6
188,8
189,4
190,9
191,7
192,1
193,6
194,7
195,1
196,9
197,7
198,5
199,9
200,1
201,3
202,9
203,4
204,1
205,3
206,7
207,7
208,8
209,6
210,2
211,1
212,3
213,6
214,6
215,3
216,9
217,1
218,9
219,1
220,5
221,9
222,8
223,9
224,6
225,7
226,7
227,7
228,0
229,1
230,6
231,8
232,8
233,2
234,3
235,4
236,9
237,0
238,8
239,9
240,6
241,7
242,1
243,3
244,7
245,3
246,9
247,6
248,4
249,4
250,1
251,7
252,0
253,9
254,3
255,5
256,8
257,2
258,7
259,4
260,7
261,7
262,8
263,5
264,7
265,9
266,6
267,6
268,6
269,8
270,2
271,5
272,8
273,5
274,1
275,2
276,6
277,0
278,1
279,6
280,0
281,8
282,4
283,3
284,3
285,5
286,1
287,0
288,6
289,5
290,1
291,3
292,9
293,8
294,0
295,4
296,1
297,2
298,2
299,2
300,3
301,0
302,4
303,7
304,5
305,7
306,6
307,2
308,7
309,4
310,8
311,1
312,9
313,3
314,0
315,3
316,1
317,6
318,2
319,2
320,3
321,2
322,4
323,0
324,5
325,5
326,6
327,3
328,9
329,5
330,0
331,0
332,1
333,3
334,2
335,8
336,3
337,2
338,9
339,9
340,0
341,8
342,9
343,1
344,0
345,2
346,9
347,1
348,3
349,6
350,2
351,4
352,7
353,9
354,8
355,5
356,4
357,6
358,6
359,8
360,1
361,7
362,0
363,2
364,4
365,2
366,0
367,3
368,5
369,1
370,0
371,6
372,1
373,3
374,3
375,5
376,2
377,4
378,9
379,3
380,1
381,9
382,6
383,1
384,0
385,6
386,1
387,9
388,1
389,1
390,8
391,1
392,0
393,6
394,4
395,6
396,7
397,7
398,7
399,0
400,6
401,1
402,3
403,0
404,6
405,8
406,0
407,4
408,7
409,7
410,4
411,6
412,4
413,0
414,1
415,8
416,8
417,4
418,3
419,1
420,7
421,6
422,1
423,4
424,9
425,6
426,3
427,9
428,8
429,4
430,0
431,7
432,1
433,7
434,2
435,6
436,3
437,1
438,4
439,0
440,5
441,4
442,6
443,1
444,7
445,7
446,8
447,9
448,9
449,3
450,0
451,9
452,1
453,1
454,2
455,0
456,3
457,1
458,4
459,5
460,5
461,1
462,8
463,0
464,9
465,0
466,0
467,7
468,1
469,3
470,2
471,2
472,3
473,6
474,4
475,6
476,5
477,4
478,8
479,8
480,9
481,1
482,8
483,0
484,3
485,8
486,4
487,7
488,7
489,0
490,8
491,8
492,6
493,7
494,3
495,6
496,4
497,3
498,0
499,3
500,9
501,3
502,7
503,7
504,1
505,5
506,9
507,7
508,3
509,4
510,8
511,8
512,4
513,1
514,7
515,4
516,3
517,1
518,0
519,4
520,9
521,5
522,6
523,5
524,1
525,3
526,4
527,3
528,5
529,7
530,4
531,5
532,6
533,7
534,2
535,1
536,0
537,7
538,6
539,9
540,2
541,4
542,1
543,0
544,1
545,7
546,1
547,3
548,1
549,3
550,7
551,9
552,2
553,7
554,4
555,6
556,7
557,6
558,5
559,4
560,2
561,8
562,9
563,0
564,4
565,8
566,5
567,8
568,8
569,4
570,4
571,9
572,2
573,8
574,0
575,6
576,5
577,9
578,1
579,2
580,1
581,6
582,7
583,0
584,6
585,9
586,6
587,2
588,6
589,2
590,8
591,7
592,2
593,6
594,5
595,0
596,2
597,3
598,2
599,2
600,7
601,9
602,7
603,9
604,4
605,3
606,0
607,1
608,2
609,1
610,4
611,1
612,2
613,0
614,5
615,1
616,0
617,8
618,3
619,2
620,3
621,9
622,3
623,7
624,1
625,0
626,8
627,0
628,9
629,3
630,6
631,0
632,1
633,5
634,0
635,6
636,5
637,9
638,9
639,5
640,8
641,3
642,5
643,3
644,8
645,5
646,5
647,1
648,5
649,9
650,8
651,1
652,0
653,5
654,3
655,8
656,0
657,7
658,8
659,8
660,3
661,8
662,9
663,2
664,6
665,4
666,3
667,0
668,0
669,6
670,1
671,7
672,2
673,1
674,3
675,7
676,7
677,0
678,8
679,1
680,9
681,0
682,0
683,6
684,1
685,7
686,2
687,6
688,3
689,9
690,4
691,5
692,7
693,8
694,8
695,9
696,9
697,6
698,0
699,5
700,1
701,4
702,2
703,8
704,3
705,7
706,4
707,4
708,7
709,6
710,8
711,3
712,9
713,9
714,1
715,4
716,0
717,6
718,1
719,5
720,2
721,8
722,7
723,0
724,7
725,5
726,3
727,0
728,2
729,1
730,2
731,5
732,3
733,6
734,9
735,2
736,1
737,8
738,7
739,0
740,9
741,9
742,5
743,9
744,7
745,7
746,2
747,7
748,9
749,4
750,6
751,2
752,1
753,8
754,3
755,1
756,7
757,5
758,3
759,8
760,9
761,6
762,8
763,9
764,8
765,2
766,8
767,1
768,8
769,6
770,8
771,5
772,4
773,2
774,7
775,7
776,2
777,2
778,1
779,4
780,9
781,7
782,8
783,3
784,7
785,4
786,8
787,5
788,8
789,8
790,0
791,0
792,7
793,1
794,9
795,4
796,5
797,4
798,0
799,1
800,6
801,7
802,8
803,7
804,2
805,9
806,6
807,1
808,0
809,5
810,1
811,8
812,2
813,2
814,3
815,5
816,4
817,3
818,5
819,6
820,6
821,0
822,7
823,2
824,8
825,6
826,9
827,8
828,0
829,0
830,1
831,4
832,2
833,4
834,3
835,1
836,4
837,2
838,5
839,2
840,6
841,9
842,7
843,2
844,8
845,4
846,9
847,4
848,0
849,1
850,1
851,6
852,2
853,7
854,3
855,1
856,4
857,1
858,5
859,1
860,6
861,0
862,7
863,9
864,8
865,5
866,9
867,0
868,0
869,5
870,9
871,1
872,9
873,6
874,8
875,6
876,9
877,2
878,8
879,9
880,4
881,6
882,1
883,2
884,7
885,3
886,7
887,3
888,3
889,9
890,5
891,6
892,1
893,3
894,0
895,7
896,0
897,8
898,2
899,8
900,7
901,4
902,7
903,9
904,8
905,3
906,2
907,7
908,0
909,4
910,1
911,0
912,2
913,7
914,6
915,7
916,3
917,7
918,3
919,5
920,7
921,0
922,3
923,6
924,3
925,4
926,4
927,1
928,6
929,9
930,6
931,8
932,6
933,2
934,4
935,3
936,9
937,9
938,1
939,9
940,5
941,9
942,0
943,0
944,9
945,4
946,8
947,9
948,2
949,0
950,0
951,4
952,0
953,2
954,1
955,9
956,7
957,5
958,6
959,6
960,3
961,7
962,2
963,3
964,1
965,7
966,7
967,2
968,4
969,2
970,6
971,7
972,3
973,2
974,1
975,8
976,3
977,0
978,9
979,4
980,1
981,8
982,7
983,3
984,6
985,1
986,8
987,6
988,4
989,2
990,3
991,0
992,1
993,9
994,0
995,2
996,9
997,3
998,6
999,9
1000,1
1001,9
1002,7
1003,3
1004,5
1005,2
1006,4
1007,7
1008,4
1009,5
1010,7
1011,7
1012,2
1013,6
1014,8
1015,2
1016,4
1017,3
1018,8
1019,9
1020,8
1021,9
1022,4
1023,3
1024,8
1025,9
1026,9
1027,6
1028,8
1029,7
1030,0
1031,6
1032,1
1033,0
1034,2
1035,7
1036,3
1037,2
1038,4
1039,6
1040,5
1041,7
1042,6
1043,0
1044,7
1045,2
1046,8
1047,9
1048,9
1049,8
1050,0
1051,9
1052,1
1053,7
1054,2
1055,6
1056,3
1057,9
1058,4
1059,2
1060,5
1061,6
1062,6
1063,6
1064,7
1065,6
1066,8
1067,3
1068,9
1069,2
1070,0
1071,0
1072,1
1073,4
1074,2
1075,2
1076,3
1077,9
1078,4
1079,9
1080,5
1081,9
1082,6
1083,2
1084,7
1085,5
1086,8
1087,8
1088,9
1089,4
1090,1
1091,1
1092,0
1093,9
1094,4
1095,1
1096,5
1097,1
1098,6
1099,6
1100,6
1101,5
1102,3
1103,2
1104,4
1105,8
1106,4
1107,5
1108,2
1109,1
1110,8
1111,4
1112,1
1113,2
1114,0
1115,2
1116,6
1117,8
1118,4
1119,4
1120,9
1121,6
1122,7
1123,2
1124,2
1125,6
1126,3
1127,2
1128,3
1129,4
1130,9
1131,4
1132,2
1133,4
1134,0
1135,8
1136,9
1137,1
1138,3
1139,5
1140,3
1141,1
1142,9
1143,5
1144,1
1145,7
1146,5
1147,6
1148,2
1149,1
1150,3
1151,4
1152,1
1153,9
1154,6
1155,7
1156,7
1157,8
1158,3
1159,6
1160,7
1161,5
1162,8
1163,1
1164,4
1165,9
1166,0
1167,7
1168,2
1169,0
1170,4
1171,5
1172,0
1173,6
1174,2
1175,0
1176,4
1177,3
1178,7
1179,7
1180,8
1181,1
1182,0
1183,1
1184,7
1185,9
1186,0
1187,9
1188,6
1189,7
1190,9
1191,0
1192,3
1193,6
1194,2
1195,7
1196,4
1197,4
1198,0
1199,6
1200,5
1201,1
1202,7
1203,3
1204,5
1205,3
1206,1
1207,8
1208,0
1209,1
1210,8
1211,0
1212,1
1213,2
1214,6
1215,2
1216,7
1217,3
1218,2
1219,2
1220,9
1221,1
1222,7
1223,5
1224,9
1225,7
1226,5
1227,3
1228,8
1229,3
1230,9
1231,7
1232,6
1233,7
1234,5
1235,0
1236,2
1237,8
1238,6
1239,1
1240,2
1241,7
1242,8
1243,6
1244,1
1245,2
1246,7
1247,9
1248,5
1249,4
1250,5
1251,5
1252,7
1253,5
1254,3
1255,1
1256,5
1257,8
1258,0
1259,2
1260,1
1261,9
1262,1
1263,0
1264,3
1265,5
1266,8
1267,2
1268,4
1269,0
1270,9
1271,5
1272,4
1273,8
1274,5
1275,3
1276,1
1277,8
1278,8
1279,4
1280,6
1281,1
1282,8
1283,6
1284,9
1285,3
1286,0
1287,3
1288,1
1289,6
1290,2
1291,1
1292,3
1293,4
1294,4
1295,4
1296,5
1297,6
1298,7
1299,2
1300,9
1301,1
1302,0
1303,8
1304,1
1305,7
1306,2
1307,7
1308,3
1309,7
1310,4
1311,2
1312,5
1313,2
1314,6
1315,9
1316,7
1317,9
1318,8
1319,7
1320,9
1321,5
1322,0
1323,8
1324,1
1325,0
1326,4
1327,1
1328,7
1329,5
1330,8
1331,9
1332,9
1333,4
1334,8
1335,2
1336,1
1337,9
1338,0
1339,2
1340,9
1341,3
1342,5
1343,7
1344,7
1345,4
1346,8
1347,6
1348,6
1349,4
1350,9
1351,3
1352,0
1353,6
1354,4
1355,0
1356,1
1357,4
1358,9
1359,0
1360,3
1361,6
1362,8
1363,9
1364,4
1365,1
1366,4
1367,8
1368,7
1369,4
1370,0
1371,9
1372,1
1373,9
1374,9
1375,9
1376,2
1377,1
1378,8
1379,3
1380,7
1381,0
1382,8
1383,3
1384,9
1385,9
1386,6
1387,1
1388,0
1389,2
1390,6
1391,2
1392,5
1393,2
1394,5
1395,6
1396,3
1397,0
1398,3
1399,7
1400,3
1401,5
1402,4
1403,7
1404,9
1405,8
1406,4
1407,4
1408,0
1409,1
1410,6
1411,8
1412,1
1413,9
1414,0
1415,0
1416,0
1417,1
1418,6
1419,7
1420,2
1421,3
1422,1
1423,0
1424,1
1425,8
1426,3
1427,9
1428,7
1429,5
1430,7
1431,2
1432,7
1433,5
1434,8
1435,7
1436,6
1437,0
1438,0
1439,7
1440,2
1441,1
1442,0
1443,9
1444,3
1445,0
1446,6
1447,6
1448,8
1449,8
1450,7
1451,6
1452,1
1453,7
1454,5
1455,6
1456,9
1457,5
1458,9
1459,2
1460,3
1461,9
1462,7
1463,6
1464,2
1465,5
1466,4
1467,4
1468,9
1469,9
1470,4
1471,6
1472,3
1473,5
1474,6
1475,6
1476,2
1477,0
1478,4
1479,8
1480,1
1481,1
1482,7
1483,2
1484,2
1485,5
1486,0
1487,9
1488,1
1489,4
1490,2
1491,8
1492,3
1493,1
1494,4
1495,5
1496,5
1497,3
1498,6
1499,9
1500,7
1501,2
1502,8
1503,8
1504,9
1505,9
1506,0
1507,1
1508,1
1509,5
1510,2
1511,6
1512,3
1513,6
1514,7
1515,0
1516,8
1517,3
1518,9
1519,2
1520,0
1521,1
1522,1
1523,1
1524,2
1525,1
1526,3
1527,7
1528,4
1529,1
1530,5
1531,0
1532,6
1533,5
1534,7
1535,8
1536,8
1537,6
1538,9
1539,1
1540,0
1541,8
1542,9
1543,7
1544,5
1545,5
1546,6
1547,2
1548,4
1549,8
1550,1
1551,8
1552,9
1553,0
1554,3
1555,9
1556,8
1557,0
1558,4
1559,5
1560,4
1561,1
1562,7
1563,9
1564,0
1565,4
1566,1
1567,4
1568,9
1569,9
1570,2
1571,5
1572,8
1573,7
1574,7
1575,1
1576,8
1577,8
1578,5
1579,9
1580,9
1581,2
1582,6
1583,4
1584,0
1585,6
1586,6
1587,5
1588,3
1589,5
1590,3
1591,1
1592,3
1593,0
1594,9
1595,5
1596,9
1597,2
1598,8
1599,0
1600,1
1601,9
1602,4
1603,2
1604,0
1605,7
1606,6
1607,9
1608,1
1609,1
1610,0
1611,6
1612,0
1613,1
1614,6
1615,2
1616,2
1617,7
1618,1
1619,9
1620,1
1621,4
1622,3
1623,8
1624,2
1625,7
1626,7
1627,1
1628,7
1629,1
1630,7
1631,2
1632,0
1633,8
1634,7
1635,0
1636,0
1637,9
1638,3
1639,7
1640,6
1641,7
1642,8
1643,9
1644,2
1645,5
1646,4
1647,3
1648,9
1649,1
1650,4
1651,7
1652,3
1653,0
1654,6
1655,4
1656,5
1657,8
1658,5
1659,4
1660,9
1661,6
1662,4
1663,1
1664,1
1665,2
1666,7
1667,5
1668,0
1669,9
1670,1
1671,3
1672,2
1673,0
1674,3
1675,1
1676,4
1677,5
1678,5
1679,4
1680,6
1681,4
1682,7
1683,8
1684,8
1685,5
1686,9
1687,8
1688,0
1689,3
1690,1
1691,4
1692,2
1693,8
1694,3
1695,3
1696,4
1697,2
1698,5
1699,9
1700,6
1701,4
1702,7
1703,7
1704,8
1705,2
1706,0
1707,6
1708,1
1709,0
1710,2
1711,8
1712,3
1713,0
1714,4
1715,5
1716,5
1717,8
1718,6
1719,0
1720,7
1721,1
1722,8
1723,9
1724,6
1725,3
1726,2
1727,4
1728,7
1729,8
1730,1
1731,3
1732,5
1733,0
1734,6
1735,2
1736,2
1737,1
1738,5
1739,5
1740,0
1741,1
1742,5
1743,6
1744,4
1745,0
1746,2
1747,3
1748,0
1749,2
1750,8
1751,2
1752,0
1753,7
1754,1
1755,2
1756,2
1757,4
1758,3
1759,6
1760,7
1761,0
1762,5
1763,5
1764,6
1765,4
1766,9
1767,9
1768,8
1769,1
1770,7
1771,8
1772,1
1773,8
1774,7
1775,9
1776,7
1777,7
1778,0
1779,4
1780,1
1781,3
1782,4
1783,8
1784,4
1785,7
1786,4
1787,3
1788,5
1789,2
1790,7
1791,3
1792,4
1793,7
1794,9
1795,4
1796,7
1797,5
1798,2
1799,1
1800,6
1801,7
1802,3
1803,7
1804,9
1805,3
1806,4
1807,3
1808,9
1809,9
1810,0
1811,6
1812,8
1813,1
1814,7
1815,6
1816,9
1817,4
1818,0
1819,7
1820,6
1821,1
1822,3
1823,4
1824,0
1825,3
1826,4
1827,5
1828,6
1829,6
1830,3
1831,6
1832,7
1833,5
1834,8
1835,1
1836,9
1837,7
1838,3
1839,8
1840,1
1841,4
1842,8
1843,8
1844,4
1845,3
1846,2
1847,0
1848,9
1849,6
1850,8
1851,2
1852,2
1853,3
1854,8
1855,6
1856,6
1857,7
1858,5
1859,2
1860,2
1861,5
1862,6
1863,6
1864,9
1865,8
1866,6
1867,9
1868,0
1869,6
1870,3
1871,0
1872,6
1873,8
1874,3
1875,4
1876,1
1877,2
1878,2
1879,3
1880,5
1881,2
1882,0
1883,1
1884,3
1885,1
1886,7
1887,5
1888,6
1889,6
1890,1
1891,7
1892,5
1893,5
1894,5
1895,9
1896,9
1897,6
1898,8
1899,8
1900,0
1901,2
1902,9
1903,4
1904,0
1905,2
1906,1
1907,3
1908,2
1909,2
1910,3
1911,4
1912,4
1913,6
1914,7
1915,6
1916,8
1917,7
1918,9
1919,9
1920,0
1921,7
1922,1
1923,3
1924,2
1925,5
1926,0
1927,7
1928,1
1929,6
1930,5
1931,2
1932,1
1933,7
1934,3
1935,4
1936,9
1937,5
1938,0
1939,2
1940,9
1941,7
1942,7
1943,9
1944,1
1945,5
1946,3
1947,8
1948,6
1949,8
1950,9
1951,6
1952,2
1953,8
1954,4
1955,7
1956,7
1957,6
1958,7
1959,0
1960,4
1961,1
1962,3
1963,3
1964,8
1965,3
1966,3
1967,3
1968,7
1969,8
1970,4
1971,4
1972,1
1973,7
1974,7
1975,8
1976,9
1977,5
1978,3
1979,6
1980,9
1981,8
1982,1
1983,2
1984,6
1985,7
1986,4
1987,9
1988,3
1989,5
1990,9
1991,3
1992,8
1993,4
1994,1
1995,6
1996,0
1997,6
1998,1
1999,5
2000,2
2001,8
2002,3
2003,8
2004,4
2005,1
2006,5
2007,1
2008,8
2009,1
2010,9
2011,5
2012,0
2013,8
2014,1
2015,5
2016,2
2017,4
2018,3
2019,4
2020,4
2021,0
2022,5
2023,1
2024,8
2025,5
2026,9
2027,1
2028,0
2029,9
2030,1
2031,3
2032,2
2033,4
2034,3
2035,7
2036,4
2037,3
2038,5
2039,7
2040,6
2041,9
2042,7
2043,8
2044,8
2045,2
2046,9
2047,7
2048,3
2049,6
2050,2
2051,0
2052,9
2053,8
2054,3
2055,7
2056,2
2057,4
2058,1
2059,8
2060,4
2061,9
2062,5
2063,5
2064,5
2065,9
2066,2
2067,7
2068,3
2069,7
2070,2
2071,9
2072,1
2073,0
2074,3
2075,8
2076,9
2077,9
2078,7
2079,0
2080,2
2081,5
2082,1
2083,9
2084,9
2085,9
2086,1
2087,7
2088,8
2089,1
2090,8
2091,1
2092,7
2093,7
2094,8
2095,2
2096,1
2097,7
2098,0
2099,6
2100,0
2101,4
2102,6
2103,4
2104,7
2105,1
2106,5
2107,1
2108,0
2109,9
2110,6
2111,3
2112,1
2113,1
2114,1
2115,4
2116,2
2117,2
2118,5
2119,9
2120,0
2121,9
2122,7
2123,8
2124,8
2125,7
2126,4
2127,2
2128,4
2129,5
2130,1
2131,9
2132,8
2133,2
2134,5
2135,6
2136,9
2137,1
2138,0
2139,9
2140,3
2141,6
2142,7
2143,5
2144,1
2145,7
2146,6
2147,0
2148,2
2149,8
2150,6
2151,1
2152,6
2153,7
2154,1
2155,7
2156,3
2157,7
2158,8
2159,1
2160,9
2161,9
2162,9
2163,1
2164,5
2165,9
2166,9
2167,6
2168,3
2169,5
2170,7
2171,2
2172,5
2173,1
2174,6
2175,1
2176,2
2177,9
2178,2
2179,3
2180,0
2181,8
2182,9
2183,4
2184,4
2185,9
2186,0
2187,5
2188,1
2189,5
2190,2
2191,6
2192,3
2193,1
2194,4
2195,3
2196,5
2197,6
2198,6
2199,2
2200,7
2201,2
2202,8
2203,3
2204,9
2205,3
2206,1
2207,7
2208,4
2209,1
2210,7
2211,3
2212,0
2213,2
2214,1
2215,8
2216,2
2217,6
2218,3
2219,5
2220,4
2221,2
2222,5
2223,1
2224,6
2225,5
2226,7
2227,4
2228,8
2229,9
2230,9
2231,3
2232,3
2233,1
2234,7
2235,7
2236,1
2237,4
2238,0
2239,7
2240,7
2241,6
2242,5
2243,8
2244,5
2245,6
2246,6
2247,7
2248,1
2249,6
2250,0
2251,2
2252,0
2253,2
2254,8
2255,8
2256,3
2257,4
2258,4
2259,9
2260,3
2261,8
2262,1
2263,4
2264,9
2265,2
2266,5
2267,2
2268,3
2269,5
2270,4
2271,7
2272,9
2273,8
2274,3
2275,4
2276,9
2277,1
2278,2
2279,0
2280,4
2281,1
2282,5
2283,5
2284,1
2285,3
2286,6
2287,3
2288,4
2289,8
2290,8
2291,7
2292,4
2293,6
2294,9
2295,5
2296,4
2297,1
2298,1
2299,4
2300,2
2301,6
2302,5
2303,5
2304,8
2305,0
2306,1
2307,9
2308,3
2309,9
2310,9
2311,9
2312,4
2313,1
2314,3
2315,8
2316,8
2317,5
2318,2
2319,8
2320,2
2321,8
2322,1
2323,5
2324,2
2325,6
2326,1
2327,4
2328,1
2329,0
2330,3
2331,4
2332,9
2333,5
2334,3
2335,0
2336,8
2337,4
2338,7
2339,1
2340,0
2341,0
2342,7
2343,9
2344,4
2345,8
2346,8
2347,7
2348,8
2349,3
2350,5
2351,4
2352,0
2353,8
2354,6
2355,4
2356,6
2357,3
2358,3
2359,8
2360,7
2361,6
2362,6
2363,7
2364,9
2365,7
2366,9
2367,4
2368,4
2369,4
2370,8
2371,9
2372,1
2373,0
2374,0
2375,5
2376,1
2377,5
2378,2
2379,5
2380,3
2381,1
2382,4
2383,6
2384,5
2385,2
2386,6
2387,0
2388,7
2389,2
2390,8
2391,2
2392,9
2393,7
2394,0
2395,9
2396,1
2397,5
2398,2
2399,5
2400,3
2401,1
2402,7
2403,0
2404,8
2405,0
2406,9
2407,4
2408,0
2409,8
2410,1
2411,5
2412,2
2413,2
2414,3
2415,4
2416,7
2417,7
2418,8
2419,3
2420,9
2421,4
2422,1
2423,6
2424,8
2425,4
2426,6
2427,0
2428,7
2429,4
2430,1
2431,4
2432,1
2433,7
2434,4
2435,3
2436,3
2437,3
2438,7
2439,9
2440,7
2441,5
2442,8
2443,5
2444,9
2445,2
2446,3
2447,1
2448,6
2449,8
2450,0
2451,7
2452,3
2453,0
2454,6
2455,2
2456,4
2457,5
2458,7
2459,2
2460,5
2461,8
2462,6
2463,7
2464,0
2465,6
2466,3
2467,1
2468,8
2469,8
2470,3
2471,6
2472,1
2473,6
2474,1
2475,4
2476,5
2477,3
2478,9
2479,7
2480,0
2481,4
2482,9
2483,6
2484,6
2485,6
2486,2
2487,8
2488,1
2489,1
2490,7
2491,5
2492,9
2493,2
2494,9
2495,7
2496,8
2497,5
2498,6
2499,9
2500,6
2501,5
2502,8
2503,9
2504,8
2505,4
2506,2
2507,2
2508,6
2509,7
2510,3
2511,0
2512,2
2513,8
2514,9
2515,4
2516,0
2517,0
2518,3
2519,3
2520,5
2521,4
2522,8
2523,2
2524,3
2525,7
2526,5
2527,3
2528,8
2529,4
2530,5
2531,2
2532,7
2533,5
2534,7
2535,2
2536,0
2537,7
2538,1
2539,1
2540,2
2541,0
2542,3
2543,8
2544,4
2545,6
2546,5
2547,9
2548,6
2549,1
2550,7
2551,4
2552,8
2553,4
2554,9
2555,6
2556,0
2557,3
2558,1
2559,9
2560,2
2561,2
2562,3
2563,6
2564,4
2565,5
2566,5
2567,5
2568,6
2569,1
2570,7
2571,4
2572,8
2573,3
2574,9
2575,1
2576,0
2577,1
2578,1
2579,0
2580,2
2581,1
2582,3
2583,4
2584,4
2585,7
2586,5
2587,5
2588,8
2589,7
2590,7
2591,5
2592,8
2593,9
2594,9
2595,8
2596,1
2597,5
2598,8
2599,9
2600,6
2601,1
2602,7
2603,9
2604,2
2605,5
2606,7
2607,7
2608,1
2609,9
2610,1
2611,9
2612,4
2613,6
2614,3
2615,0
2616,7
2617,9
2618,8
2619,3
2620,9
2621,1
2622,3
2623,9
2624,6
2625,2
2626,0
2627,4
2628,3
2629,5
2630,4
2631,0
2632,8
2633,8
2634,4
2635,1
2636,5
2637,5
2638,7
2639,9
2640,5
2641,3
2642,0
2643,8
2644,3
2645,6
2646,9
2647,8
2648,2
2649,1
2650,8
2651,2
2652,3
2653,9
2654,1
2655,4
2656,1
2657,3
2658,5
2659,7
2660,9
2661,2
2662,4
2663,3
2664,3
2665,3
2666,0
2667,2
2668,4
2669,8
2670,0
2671,7
2672,9
2673,2
2674,6
2675,7
2676,9
2677,3
2678,2
2679,6
2680,2
2681,2
2682,1
2683,1
2684,7
2685,4
2686,9
2687,3
2688,5
2689,1
2690,1
2691,4
2692,1
2693,2
2694,9
2695,8
2696,8
2697,0
2698,6
2699,8
2700,9
2701,4
2702,0
2703,7
2704,0
2705,1
2706,0
2707,6
2708,1
2709,4
2710,8
2711,8
2712,4
2713,7
2714,8
2715,1
2716,8
2717,1
2718,2
2719,3
2720,6
2721,8
2722,3
2723,8
2724,4
2725,1
2726,9
2727,3
2728,2
2729,1
2730,4
2731,5
2732,0
2733,3
2734,9
2735,5
2736,0
2737,0
2738,3
2739,1
2740,7
2741,4
2742,4
2743,6
2744,5
2745,8
2746,8
2747,9
2748,3
2749,5
2750,5
2751,2
2752,8
2753,2
2754,5
2755,4
2756,4
2757,0
2758,7
2759,8
2760,6
2761,4
2762,5
2763,0
2764,2
2765,6
2766,2
2767,4
2768,2
2769,0
2770,7
2771,1
2772,7
2773,1
2774,0
2775,9
2776,5
2777,1
2778,1
2779,1
2780,5
2781,7
2782,3
2783,1
2784,0
2785,7
2786,1
2787,8
2788,2
2789,6
2790,5
2791,5
2792,6
2793,0
2794,7
2795,9
2796,8
2797,1
2798,9
2799,4
2800,0
2801,4
2802,1
2803,4
2804,2
2805,1
2806,3
2807,0
2808,4
2809,5
2810,5
2811,0
2812,6
2813,5
2814,7
2815,6
2816,8
2817,0
2818,0
2819,6
2820,1
2821,4
2822,2
2823,7
2824,3
2825,5
2826,4
2827,7
2828,5
2829,3
2830,6
2831,3
2832,7
2833,2
2834,8
2835,6
2836,9
2837,9
2838,2
2839,8
2840,1
2841,5
2842,7
2843,5
2844,2
2845,4
2846,5
2847,7
2848,0
2849,2
2850,8
2851,7
2852,0
2853,3
2854,2
2855,1
2856,7
2857,5
2858,8
2859,5
2860,8
2861,9
2862,3
2863,7
2864,0
2865,8
2866,6
2867,6
2868,0
2869,7
2870,2
2871,4
2872,7
2873,2
2874,6
2875,1
2876,6
2877,2
2878,1
2879,8
2880,2
2881,8
2882,8
2883,2
2884,8
2885,3
2886,7
2887,3
2888,7
2889,5
2890,4
2891,9
2892,7
2893,2
2894,7
2895,3
2896,3
2897,2
2898,7
2899,3
2900,4
2901,6
2902,5
2903,1
2904,4
2905,7
2906,3
2907,3
2908,3
2909,0
2910,8
2911,9
2912,4
2913,6
2914,5
2915,9
2916,4
2917,5
2918,1
2919,9
2920,1
2921,2
2922,9
2923,3
2924,7
2925,0
2926,4
2927,5
2928,3
2929,5
2930,7
2931,3
2932,3
2933,0
2934,3
2935,6
2936,0
2937,6
2938,2
2939,6
2940,5
2941,5
2942,5
2943,7
2944,6
2945,5
2946,3
2947,1
2948,1
2949,9
2950,5
2951,0
2952,2
2953,1
2954,5
2955,8
2956,9
2957,9
2958,9
2959,7
2960,8
2961,1
2962,4
2963,5
2964,1
2965,8
2966,0
2967,5
2968,6
2969,2
2970,0
2971,7
2972,9
2973,3
2974,6
2975,9
2976,8
2977,6
2978,3
2979,6
2980,5
2981,7
2982,6
2983,7
2984,1
2985,8
2986,1
2987,2
2988,9
2989,0
2990,3
2991,5
2992,9
2993,5
2994,2
2995,6
2996,3
2997,6
2998,5
2999,1
3000,5
3001,5
3002,9
3003,8
3004,4
3005,4
3006,2
3007,3
3008,1
3009,8
3010,9
3011,2
3012,4
3013,8
3014,9
3015,4
3016,1
3017,8
3018,3
3019,0
3020,9
3021,0
3022,2
3023,2
3024,0
3025,6
3026,6
3027,8
3028,0
3029,3
3030,4
3031,5
3032,0
3033,3
3034,6
3035,2
3036,0
3037,3
3038,1
3039,8
3040,2
3041,4
3042,3
3043,0
3044,4
3045,4
3046,6
3047,3
3048,8
3049,8
3050,1
3051,1
3052,2
3053,0
3054,3
3055,7
3056,4
3057,1
3058,5
3059,9
3060,6
3061,2
3062,7
3063,7
3064,9
3065,5
3066,1
3067,1
3068,2
3069,6
3070,3
3071,5
3072,4
3073,4
3074,5
3075,4
3076,6
3077,0
3078,7
3079,2
3080,8
3081,4
3082,6
3083,5
3084,6
3085,1
3086,0
3087,7
3088,2
3089,0
3090,3
3091,9
3092,7
3093,3
3094,4
3095,1
3096,7
3097,2
3098,1
3099,2
3100,9
3101,0
3102,1
3103,9
3104,7
3105,4
3106,1
3107,8
3108,4
3109,6
3110,0
3111,6
3112,0
3113,5
3114,1
3115,2
3116,7
3117,8
3118,5
3119,6
3120,7
3121,4
3122,1
3123,0
3124,3
3125,9
3126,3
3127,8
3128,3
3129,1
3130,1
3131,7
3132,6
3133,1
3134,9
3135,3
3136,7
3137,6
3138,4
3139,7
3140,3
3141,9
3142,0
3143,3
3144,2
3145,5
3146,6
3147,9
3148,0
3149,7
3150,8
3151,9
3152,9
3153,9
3154,4
3155,6
3156,3
3157,1
3158,5
3159,9
3160,4
3161,2
3162,8
3163,7
3164,1
3165,6
3166,5
3167,7
3168,0
3169,4
3170,6
3171,2
3172,6
3173,9
3174,3
3175,6
3176,3
3177,2
3178,8
3179,8
3180,1
3181,6
3182,4
3183,3
3184,7
3185,6
3186,5
3187,3
3188,7
3189,0
3190,2
3191,8
3192,2
3193,0
3194,0
3195,0
3196,0
3197,5
3198,7
3199,7
3200,7
3201,1
3202,9
3203,3
3204,5
3205,8
3206,9
3207,3
3208,8
3209,0
3210,9
3211,8
3212,6
3213,9
3214,8
3215,9
3216,2
3217,1
3218,3
3219,4
3220,6
3221,6
3222,1
3223,7
3224,2
3225,8
3226,9
3227,3
3228,2
3229,1
3230,5
3231,7
3232,2
3233,3
3234,2
3235,5
3236,4
3237,6
3238,8
3239,5
3240,4
3241,2
3242,6
3243,3
3244,5
3245,3
3246,0
3247,3
3248,1
3249,6
3250,2
3251,2
3252,3
3253,6
3254,4
3255,1
3256,5
3257,9
3258,6
3259,2
3260,7
3261,8
3262,8
3263,0
3264,9
3265,3
3266,0
3267,1
3268,1
3269,8
3270,2
3271,3
3272,3
3273,6
3274,4
3275,6
3276,5
3277,6
3278,6
3279,8
3280,7
3281,8
3282,8
3283,6
3284,9
3285,0
3286,0
3287,5
3288,1
3289,5
3290,2
3291,1
3292,3
3293,7
3294,4
3295,9
3296,5
3297,3
3298,6
3299,6
3300,7
3301,6
3302,8
3303,2
3304,9
3305,7
3306,6
3307,4
3308,2
3309,0
3310,7
3311,2
3312,1
3313,4
3314,5
3315,8
3316,6
3317,8
3318,2
3319,6
3320,5
3321,0
3322,0
3323,3
3324,5
3325,7
3326,4
3327,1
3328,2
3329,1
3330,0
3331,2
3332,8
3333,2
3334,1
3335,1
3336,7
3337,2
3338,1
3339,2
3340,8
3341,9
3342,3
3343,6
3344,8
3345,6
3346,7
3347,7
3348,1
3349,4
3350,7
3351,1
3352,7
3353,1
3354,0
3355,0
3356,1
3357,3
3358,4
3359,6
3360,4
3361,0
3362,4
3363,2
3364,5
3365,1
3366,7
3367,1
3368,4
3369,9
3370,4
3371,7
3372,9
3373,9
3374,7
3375,3
3376,2
3377,7
3378,6
3379,0
3380,5
3381,5
3382,3
3383,1
3384,9
3385,0
3386,4
3387,9
3388,3
3389,3
3390,9
3391,0
3392,0
3393,2
3394,8
3395,8
3396,7
3397,6
3398,9
3399,9
3400,0
3401,2
3402,6
3403,2
3404,3
3405,9
3406,0
3407,7
3408,4
3409,1
3410,6
3411,2
3412,3
3413,7
3414,7
3415,0
3416,0
3417,9
3418,1
3419,1
3420,4
3421,6
3422,8
3423,2
3424,8
3425,3
3426,1
3427,2
3428,2
3429,3
3430,9
3431,1
3432,3
3433,1
3434,1
3435,0
3436,8
3437,3
3438,4
3439,7
3440,2
3441,8
3442,9
3443,5
3444,8
3445,8
3446,2
3447,4
3448,8
3449,5
3450,6
3451,3
3452,6
3453,2
3454,9
3455,9
3456,2
3457,0
3458,9
3459,5
3460,6
3461,4
3462,0
3463,5
3464,5
3465,5
3466,3
3467,1
3468,3
3469,5
3470,6
3471,0
3472,3
3473,0
3474,1
3475,9
3476,2
3477,7
3478,5
3479,9
3480,0
3481,0
3482,3
3483,3
3484,7
3485,6
3486,1
3487,0
3488,5
3489,9
3490,5
3491,4
3492,9
3493,2
3494,8
3495,9
3496,0
3497,0
3498,9
3499,9
3500,0
3501,6
3502,1
3503,5
3504,2
3505,9
3506,3
3507,6
3508,4
3509,1
3510,5
3511,1
3512,6
3513,8
3514,7
3515,6
3516,8
3517,2
3518,9
3519,3
3520,0
3521,8
3522,1
3523,7
3524,2
3525,4
3526,3
3527,7
3528,4
3529,9
3530,7
3531,5
3532,8
3533,2
3534,9
3535,0
3536,0
3537,5
3538,1
3539,2
3540,2
3541,1
3542,3
3543,9
3544,4
3545,0
3546,5
3547,7
3548,6
3549,4
3550,7
3551,9
3552,8
3553,1
3554,9
3555,4
3556,9
3557,6
3558,7
3559,3
3560,4
3561,6
3562,1
3563,4
3564,5
3565,4
3566,8
3567,5
3568,8
3569,1
3570,0
3571,6
3572,9
3573,0
3574,3
3575,1
3576,2
3577,2
3578,7
3579,9
3580,8
3581,8
3582,1
3583,5
3584,6
3585,2
3586,1
3587,3
3588,0
3589,4
3590,4
3591,7
3592,5
3593,0
3594,3
3595,5
3596,9
3597,1
3598,4
3599,7
3600,3
3601,9
3602,4
3603,9
3604,2
3605,7
3606,0
3607,2
3608,5
3609,9
3610,0
3611,1
3612,1
3613,1
3614,3
3615,9
3616,2
3617,1
3618,9
3619,5
3620,1
3621,0
3622,6
3623,9
3624,0
3625,8
3626,1
3627,7
3628,1
3629,8
3630,8
3631,9
3632,0
3633,0
3634,4
3635,0
3636,7
3637,1
3638,7
3639,1
3640,6
3641,1
3642,3
3643,3
3644,6
3645,9
3646,0
3647,5
3648,7
3649,7
3650,3
3651,7
3652,5
3653,6
3654,4
3655,8
3656,2
3657,2
3658,4
3659,1
3660,1
3661,1
3662,8
3663,5
3664,3
3665,9
3666,7
3667,8
3668,1
3669,4
3670,0
3671,1
3672,6
3673,7
3674,7
3675,3
3676,1
3677,6
3678,2
3679,6
3680,5
3681,2
3682,8
3683,1
3684,1
3685,0
3686,9
3687,3
3688,3
3689,1
3690,8
3691,5
3692,2
3693,6
3694,8
3695,8
3696,8
3697,6
3698,7
3699,1
3700,1
3701,1
3702,7
3703,8
3704,9
3705,1
3706,2
3707,0
3708,0
3709,7
3710,1
3711,3
3712,2
3713,7
3714,3
3715,9
3716,4
3717,6
3718,5
3719,8
3720,6
3721,4
3722,7
3723,1
3724,8
3725,0
3726,9
3727,6
3728,0
3729,6
3730,1
3731,2
3732,2
3733,8
3734,3
3735,0
3736,4
3737,5
3738,5
3739,0
3740,6
3741,1
3742,7
3743,3
3744,0
3745,5
3746,1
3747,7
3748,2
3749,4
3750,3
3751,1
3752,4
3753,3
3754,5
3755,0
3756,6
3757,8
3758,7
3759,1
3760,8
3761,6
3762,8
3763,6
3764,7
3765,0
3766,4
3767,7
3768,7
3769,2
3770,7
3771,5
3772,3
3773,7
3774,9
3775,3
3776,8
3777,0
3778,1
3779,0
3780,5
3781,0
3782,8
3783,2
3784,2
3785,6
3786,7
3787,9
3788,4
3789,8
3790,2
3791,6
3792,6
3793,6
3794,4
3795,7
3796,5
3797,4
3798,5
3799,1
3800,8
3801,1
3802,6
3803,6
3804,4
3805,5
3806,4
3807,6
3808,4
3809,3
3810,1
3811,3
3812,8
3813,8
3814,7
3815,6
3816,5
3817,4
3818,5
3819,9
3820,1
3821,0
3822,8
3823,1
3824,9
3825,7
3826,3
3827,6
3828,6
3829,1
3830,3
3831,6
3832,3
3833,3
3834,2
3835,9
3836,2
3837,3
3838,6
3839,1
3840,9
3841,5
3842,9
3843,1
3844,6
3845,5
3846,5
3847,6
3848,5
3849,9
3850,3
3851,0
3852,3
3853,9
3854,8
3855,7
3856,1
3857,4
3858,6
3859,7
3860,5
3861,7
3862,6
3863,2
3864,8
3865,5
3866,1
3867,3
3868,9
3869,4
3870,7
3871,1
3872,6
3873,4
3874,8
3875,5
3876,3
3877,1
3878,7
3879,8
3880,4
3881,4
3882,7
3883,0
3884,0
3885,9
3886,9
3887,2
3888,0
3889,1
3890,0
3891,1
3892,3
3893,4
3894,7
3895,1
3896,9
3897,1
3898,3
3899,7
3900,0
3901,1
3902,2
3903,7
3904,0
3905,2
3906,1
3907,8
3908,0
3909,2
3910,1
3911,8
3912,0
3913,0
3914,4
3915,2
3916,0
3917,5
3918,1
3919,7
3920,0
3921,8
3922,4
3923,2
3924,7
3925,9
3926,9
3927,1
3928,2
3929,2
3930,0
3931,2
3932,6
3933,5
3934,2
3935,6
3936,6
3937,2
3938,2
3939,9
3940,2
3941,2
3942,9
3943,5
3944,9
3945,4
3946,0
3947,6
3948,1
3949,1
3950,2
3951,4
3952,3
3953,7
3954,4
3955,9
3956,5
3957,4
3958,6
3959,2
3960,7
3961,4
3962,8
3963,4
3964,9
3965,3
3966,0
3967,6
3968,1
3969,4
3970,2
3971,6
3972,3
3973,6
3974,4
3975,0
3976,5
3977,5
3978,6
3979,7
3980,7
3981,9
3982,0
3983,4
3984,1
3985,6
3986,2
3987,9
3988,3
3989,9
3990,4
3991,5
3992,5
3993,1
3994,6
3995,1
3996,7
3997,3
3998,8
3999,9
4000,9
4001,3
4002,7
4003,3
4004,4
4005,9
4006,3
4007,9
4008,8
4009,8
4010,5
4011,7
4012,1
4013,8
4014,8
4015,3
4016,5
4017,1
4018,2
4019,0
4020,8
4021,8
4022,6
4023,8
4024,1
4025,6
4026,9
4027,9
4028,2
4029,3
4030,4
4031,7
4032,0
4033,6
4034,9
4035,4
4036,9
4037,6
4038,3
4039,7
4040,7
4041,7
4042,1
4043,1
4044,8
4045,8
4046,4
4047,2
4048,4
4049,9
4050,2
4051,5
4052,7
4053,8
4054,5
4055,5
4056,8
4057,6
4058,5
4059,4
4060,3
4061,3
4062,2
4063,8
4064,2
4065,9
4066,0
4067,4
4068,5
4069,1
4070,8
4071,3
4072,6
4073,7
4074,0
4075,2
4076,4
4077,7
4078,0
4079,7
4080,3
4081,7
4082,8
4083,3
4084,1
4085,1
4086,0
4087,0
4088,3
4089,4
4090,0
4091,0
4092,4
4093,1
4094,7
4095,4
4096,4
4097,3
4098,9
4099,1
4100,2
4101,5
4102,9
4103,9
4104,1
4105,9
4106,2
4107,0
4108,1
4109,5
4110,7
4111,1
4112,1
4113,7
4114,6
4115,4
4116,7
4117,0
4118,3
4119,5
4120,3
4121,2
4122,6
4123,3
4124,2
4125,4
4126,8
4127,4
4128,7
4129,6
4130,6
4131,4
4132,4
4133,8
4134,9
4135,5
4136,8
4137,4
4138,8
4139,3
4140,2
4141,8
4142,9
4143,4
4144,6
4145,1
4146,5
4147,0
4148,5
4149,2
4150,9
4151,3
4152,5
4153,6
4154,3
4155,7
4156,7
4157,0
4158,4
4159,6
4160,3
4161,1
4162,6
4163,7
4164,0
4165,4
4166,0
4167,1
4168,4
4169,4
4170,6
4171,5
4172,6
4173,2
4174,9
4175,4
4176,0
4177,6
4178,1
4179,1
4180,1
4181,2
4182,3
4183,0
4184,2
4185,1
4186,1
4187,9
4188,0
4189,8
4190,0
4191,9
4192,1
4193,7
4194,2
4195,4
4196,3
4197,5
4198,4
4199,8
4200,7
4201,4
4202,8
4203,6
4204,9
4205,3
4206,0
4207,7
4208,1
4209,3
4210,2
4211,5
4212,3
4213,3
4214,4
4215,5
4216,5
4217,9
4218,6
4219,9
4220,7
4221,0
4222,8
4223,6
4224,9
4225,2
4226,0
4227,6
4228,1
4229,3
4230,2
4231,7
4232,3
4233,9
4234,4
4235,1
4236,5
4237,4
4238,7
4239,7
4240,8
4241,1
4242,9
4243,4
4244,8
4245,5
4246,6
4247,1
4248,5
4249,3
4250,0
4251,1
4252,6
4253,3
4254,8
4255,6
4256,9
4257,0
4258,4
4259,0
4260,1
4261,3
4262,9
4263,8
4264,5
4265,4
4266,3
4267,6
4268,0
4269,3
4270,4
4271,4
4272,8
4273,8
4274,9
4275,7
4276,1
4277,8
4278,4
4279,0
4280,0
4281,1
4282,5
4283,8
4284,5
4285,8
4286,4
4287,9
4288,0
4289,6
4290,7
4291,3
4292,6
4293,5
4294,0
4295,9
4296,1
4297,0
4298,7
4299,2
4300,0
4301,3
4302,6
4303,6
4304,8
4305,2
4306,9
4307,0
4308,5
4309,9
4310,4
4311,8
4312,7
4313,0
4314,6
4315,9
4316,0
4317,1
4318,8
4319,3
4320,1
4321,2
4322,7
4323,1
4324,7
4325,5
4326,1
4327,0
4328,3
4329,0
4330,2
4331,7
4332,3
4333,9
4334,1
4335,3
4336,4
4337,7
4338,2
4339,1
4340,0
4341,8
4342,0
4343,6
4344,4
4345,4
4346,9
4347,9
4348,3
4349,6
4350,8
4351,8
4352,4
4353,7
4354,7
4355,5
4356,2
4357,5
4358,5
4359,2
4360,6
4361,7
4362,3
4363,3
4364,6
4365,5
4366,9
4367,6
4368,6
4369,9
4370,3
4371,5
4372,2
4373,4
4374,2
4375,7
4376,4
4377,2
4378,6
4379,2
4380,5
4381,4
4382,5
4383,3
4384,1
4385,7
4386,3
4387,4
4388,3
4389,4
4390,9
4391,5
4392,7
4393,8
4394,8
4395,0
4396,7
4397,8
4398,2
4399,1
4400,2
4401,1
4402,5
4403,7
4404,7
4405,1
4406,9
4407,1
4408,8
4409,1
4410,2
4411,1
4412,1
4413,3
4414,3
4415,0
4416,1
4417,6
4418,3
4419,9
4420,0
4421,7
4422,1
4423,3
4424,2
4425,2
4426,3
4427,9
4428,4
4429,6
4430,5
4431,3
4432,6
4433,3
4434,7
4435,4
4436,8
4437,8
4438,9
4439,9
4440,0
4441,6
4442,1
4443,7
4444,2
4445,2
4446,3
4447,7
4448,4
4449,1
4450,7
4451,3
4452,8
4453,4
4454,9
4455,8
4456,0
4457,2
4458,1
4459,4
4460,2
4461,2
4462,3
4463,6
4464,4
4465,1
4466,7
4467,9
4468,8
4469,2
4470,9
4471,2
4472,7
4473,7
4474,7
4475,7
4476,7
4477,4
4478,3
4479,8
4480,0
4481,0
4482,3
4483,4
4484,1
4485,5
4486,8
4487,0
4488,7
4489,0
4490,6
4491,9
4492,4
4493,2
4494,0
4495,2
4496,2
4497,9
4498,6
4499,2
4500,8
4501,9
4502,3
4503,6
4504,1
4505,0
4506,1
4507,1
4508,7
4509,4
4510,7
4511,3
4512,1
4513,5
4514,6
4515,1
4516,0
4517,5
4518,4
4519,5
4520,6
4521,7
4522,4
4523,9
4524,4
4525,1
4526,0
4527,6
4528,6
4529,8
4530,2
4531,5
4532,3
4533,4
4534,1
4535,9
4536,3
4537,4
4538,6
4539,0
4540,8
4541,7
4542,5
4543,9
4544,9
4545,0
4546,4
4547,8
4548,0
4549,9
4550,7
4551,2
4552,5
4553,2
4554,8
4555,8
4556,8
4557,7
4558,3
4559,3
4560,7
4561,3
4562,8
4563,8
4564,9
4565,8
4566,2
4567,6
4568,5
4569,2
4570,3
4571,8
4572,1
4573,9
4574,7
4575,9
4576,3
4577,1
4578,9
4579,6
4580,1
4581,9
4582,9
4583,5
4584,9
4585,6
4586,6
4587,7
4588,0
4589,4
4590,9
4591,4
4592,4
4593,6
4594,3
4595,0
4596,7
4597,4
4598,0
4599,0
4600,4
4601,0
4602,1
4603,6
4604,4
4605,5
4606,3
4607,3
4608,5
4609,3
4610,4
4611,3
4612,0
4613,5
4614,2
4615,8
4616,1
4617,6
4618,8
4619,8
4620,9
4621,7
4622,4
4623,6
4624,0
4625,8
4626,1
4627,3
4628,2
4629,7
4630,3
4631,1
4632,4
4633,3
4634,5
4635,0
4636,6
4637,0
4638,7
4639,3
4640,8
4641,9
4642,9
4643,5
4644,0
4645,1
4646,1
4647,9
4648,2
4649,0
4650,3
4651,2
4652,4
4653,7
4654,5
4655,1
4656,6
4657,8
4658,7
4659,0
4660,8
4661,1
4662,9
4663,9
4664,0
4665,8
4666,1
4667,4
4668,2
4669,1
4670,3
4671,4
4672,4
4673,9
4674,5
4675,2
4676,6
4677,7
4678,7
4679,2
4680,8
4681,5
4682,9
4683,0
4684,2
4685,2
4686,2
4687,2
4688,7
4689,7
4690,6
4691,5
4692,4
4693,2
4694,0
4695,8
4696,5
4697,7
4698,8
4699,6
4700,0
4701,9
4702,7
4703,8
4704,3
4705,2
4706,5
4707,4
4708,4
4709,6
4710,1
4711,4
4712,8
4713,1
4714,0
4715,7
4716,5
4717,5
4718,2
4719,9
4720,7
4721,5
4722,2
4723,0
4724,3
4725,9
4726,1
4727,2
4728,7
4729,0
4730,7
4731,6
4732,9
4733,6
4734,9
4735,6
4736,1
4737,2
4738,2
4739,9
4740,4
4741,4
4742,6
4743,8
4744,7
4745,0
4746,7
4747,9
4748,5
4749,7
4750,4
4751,0
4752,5
4753,8
4754,0
4755,1
4756,1
4757,0
4758,1
4759,7
4760,9
4761,7
4762,0
4763,6
4764,2
4765,6
4766,0
4767,8
4768,3
4769,3
4770,5
4771,7
4772,6
4773,4
4774,1
4775,2
4776,8
4777,8
4778,6
4779,3
4780,4
4781,0
4782,6
4783,8
4784,0
4785,1
4786,6
4787,9
4788,4
4789,6
4790,3
4791,3
4792,9
4793,4
4794,3
4795,3
4796,0
4797,8
4798,0
4799,3
4800,5
4801,2
4802,2
4803,7
4804,5
4805,0
4806,8
4807,7
4808,8
4809,1
4810,8
4811,7
4812,9
4813,4
4814,4
4815,4
4816,2
4817,8
4818,8
4819,7
4820,8
4821,6
4822,5
4823,0
4824,5
4825,0
4826,9
4827,5
4828,1
4829,0
4830,3
4831,1
4832,6
4833,1
4834,9
4835,9
4836,4
4837,8
4838,1
4839,4
4840,3
4841,9
4842,7
4843,7
4844,6
4845,5
4846,9
4847,2
4848,3
4849,2
4850,3
4851,9
4852,7
4853,5
4854,4
4855,1
4856,1
4857,2
4858,9
4859,9
4860,1
4861,7
4862,0
4863,2
4864,6
4865,3
4866,0
4867,6
4868,1
4869,5
4870,2
4871,6
4872,3
4873,3
4874,4
4875,1
4876,7
4877,0
4878,8
4879,2
4880,9
4881,1
4882,0
4883,1
4884,1
4885,3
4886,2
4887,3
4888,3
4889,3
4890,7
4891,6
4892,8
4893,2
4894,9
4895,6
4896,0
4897,6
4898,1
4899,0
4900,2
4901,6
4902,3
4903,3
4904,7
4905,0
4906,8
4907,2
4908,7
4909,7
4910,1
4911,9
4912,8
4913,7
4914,6
4915,3
4916,7
4917,5
4918,2
4919,7
4920,7
4921,8
4922,1
4923,2
4924,1
4925,4
4926,4
4927,3
4928,3
4929,6
4930,7
4931,9
4932,7
4933,7
4934,8
4935,5
4936,9
4937,9
4938,3
4939,8
4940,6
4941,6
4942,0
4943,6
4944,3
4945,7
4946,6
4947,7
4948,1
4949,0
4950,8
4951,0
4952,4
4953,3
4954,5
4955,3
4956,3
4957,0
4958,9
4959,3
4960,2
4961,2
4962,8
4963,5
4964,3
4965,8
4966,1
4967,2
4968,1
4969,2
4970,5
4971,3
4972,9
4973,0
4974,0
4975,7
4976,4
4977,8
4978,4
4979,3
4980,0
4981,8
4982,9
4983,2
4984,6
4985,4
4986,9
4987,4
4988,2
4989,2
4990,2
4991,6
4992,1
4993,9
4994,7
4995,4
4996,9
4997,1
4998,5
4999,4
5000,1
5001,8
5002,1
5003,5
5004,9
5005,1
5006,8
5007,9
5008,6
5009,8
5010,6
5011,2
5012,9
5013,8
5014,3
5015,7
5016,0
5017,7
5018,0
5019,6
5020,1
5021,1
5022,8
5023,4
5024,4
5025,1
5026,6
5027,4
5028,8
5029,9
5030,8
5031,3
5032,2
5033,9
5034,6
5035,1
5036,3
5037,8
5038,2
5039,1
5040,9
5041,0
5042,2
5043,5
5044,9
5045,3
5046,0
5047,8
5048,3
5049,5
5050,7
5051,4
5052,4
5053,4
5054,5
5055,6
5056,8
5057,8
5058,3
5059,6
5060,5
5061,9
5062,8
5063,8
5064,5
5065,9
5066,4
5067,9
5068,7
5069,1
5070,6
5071,3
5072,3
5073,4
5074,2
5075,3
5076,2
5077,9
5078,7
5079,5
5080,7
5081,9
5082,0
5083,6
5084,5
5085,8
5086,5
5087,9
5088,3
5089,3
5090,0
5091,2
5092,1
5093,2
5094,2
5095,1
5096,3
5097,0
5098,4
5099,2
5100,5
5101,5
5102,6
5103,4
5104,7
5105,3
5106,8
5107,2
5108,9
5109,3
5110,0
5111,5
5112,1
5113,8
5114,2
5115,8
5116,3
5117,1
5118,4
5119,9
5120,5
5121,9
5122,6
5123,7
5124,7
5125,5
5126,8
5127,1
5128,9
5129,9
5130,0
5131,5
5132,1
5133,7
5134,2
5135,9
5136,3
5137,6
5138,4
5139,6
5140,6
5141,3
5142,7
5143,8
5144,8
5145,2
5146,9
5147,0
5148,6
5149,3
5150,2
5151,5
5152,7
5153,8
5154,1
5155,8
5156,5
5157,7
5158,6
5159,7
5160,2
5161,6
5162,0
5163,9
5164,8
5165,1
5166,1
5167,6
5168,7
5169,1
5170,1
5171,2
5172,8
5173,9
5174,3
5175,5
5176,8
5177,7
5178,7
5179,2
5180,1
5181,1
5182,7
5183,9
5184,7
5185,9
5186,0
5187,2
5188,1
5189,8
5190,4
5191,4
5192,4
5193,1
5194,7
5195,5
5196,4
5197,9
5198,4
5199,6
5200,9
5201,0
5202,7
5203,6
5204,2
5205,9
5206,6
5207,2
5208,5
5209,8
5210,3
5211,8
5212,9
5213,7
5214,4
5215,7
5216,3
5217,8
5218,9
5219,2
5220,0
5221,8
5222,8
5223,1
5224,7
5225,7
5226,9
5227,5
5228,0
5229,8
5230,3
5231,4
5232,0
5233,1
5234,4
5235,1
5236,6
5237,4
5238,3
5239,5
5240,7
5241,7
5242,0
5243,1
5244,1
5245,9
5246,4
5247,9
5248,8
5249,1
5250,8
5251,1
5252,1
5253,3
5254,2
5255,0
5256,9
5257,2
5258,3
5259,9
5260,8
5261,8
5262,9
5263,2
5264,8
5265,3
5266,2
5267,9
5268,8
5269,6
5270,6
5271,0
5272,5
5273,3
5274,2
5275,7
5276,6
5277,6
5278,2
5279,8
5280,6
5281,8
5282,0
5283,5
5284,5
5285,8
5286,3
5287,8
5288,3
5289,5
5290,6
5291,1
5292,3
5293,0
5294,2
5295,1
5296,7
5297,9
5298,6
5299,0
5300,5
5301,3
5302,9
5303,0
5304,8
5305,6
5306,0
5307,0
5308,9
5309,3
5310,0
5311,9
5312,1
5313,9
5314,2
5315,8
5316,3
5317,0
5318,4
5319,2
5320,5
5321,4
5322,6
5323,9
5324,7
5325,5
5326,8
5327,9
5328,9
5329,3
5330,0
5331,8
5332,1
5333,2
5334,2
5335,2
5336,3
5337,1
5338,4
5339,8
5340,5
5341,4
5342,6
5343,5
5344,7
5345,7
5346,8
5347,2
5348,9
5349,2
5350,0
5351,1
5352,1
5353,2
5354,2
5355,2
5356,3
5357,5
5358,4
5359,1
5360,5
5361,9
5362,6
5363,8
5364,7
5365,3
5366,8
5367,2
5368,9
5369,4
5370,9
5371,2
5372,8
5373,7
5374,6
5375,3
5376,5
5377,2
5378,9
5379,4
5380,2
5381,2
5382,3
5383,6
5384,4
5385,4
5386,3
5387,4
5388,8
5389,6
5390,5
5391,0
5392,1
5393,7
5394,5
5395,4
5396,2
5397,6
5398,3
5399,3
5400,0
5401,6
5402,1
5403,9
5404,2
5405,3
5406,1
5407,5
5408,3
5409,4
5410,2
5411,1
5412,6
5413,3
5414,5
5415,5
5416,3
5417,9
5418,0
5419,7
5420,7
5421,4
5422,4
5423,3
5424,6
5425,9
5426,4
5427,6
5428,0
5429,4
5430,5
5431,9
5432,9
5433,3
5434,9
5435,0
5436,8
5437,9
5438,3
5439,7
5440,1
5441,2
5442,7
5443,6
5444,4
5445,2
5446,7
5447,6
5448,6
5449,6
5450,5
5451,3
5452,0
5453,6
5454,6
5455,1
5456,6
5457,5
5458,2
5459,2
5460,0
5461,9
5462,6
5463,2
5464,3
5465,6
5466,7
5467,5
5468,7
5469,3
5470,4
5471,5
5472,4
5473,8
5474,3
5475,8
5476,9
5477,6
5478,2
5479,1
5480,8
5481,6
5482,9
5483,2
5484,6
5485,8
5486,0
5487,1
5488,9
5489,2
5490,5
5491,3
5492,3
5493,2
5494,8
5495,1
5496,8
5497,4
5498,7
5499,4
5500,1
5501,4
5502,4
5503,7
5504,0
5505,0
5506,4
5507,8
5508,8
5509,1
5510,5
5511,5
5512,2
5513,1
5514,3
5515,3
5516,9
5517,5
5518,0
5519,5
5520,7
5521,1
5522,2
5523,6
5524,1
5525,0
5526,9
5527,6
5528,1
5529,1
5530,5
5531,2
5532,1
5533,2
5534,7
5535,9
5536,4
5537,0
5538,8
5539,9
5540,6
5541,2
5542,1
5543,8
5544,2
5545,0
5546,1
5547,4
5548,6
5549,7
5550,8
5551,8
5552,8
5553,6
5554,0
5555,4
5556,1
5557,4
5558,2
5559,7
5560,3
5561,6
5562,4
5563,0
5564,7
5565,6
5566,8
5567,4
5568,9
5569,5
5570,0
5571,1
5572,1
5573,9
5574,2
5575,9
5576,3
5577,7
5578,4
5579,3
5580,7
5581,8
5582,8
5583,2
5584,9
5585,6
5586,0
5587,2
5588,1
5589,3
5590,2
5591,0
5592,3
5593,5
5594,7
5595,1
5596,8
5597,3
5598,9
5599,2
5600,1
5601,9
5602,1
5603,1
5604,7
5605,4
5606,4
5607,8
5608,8
5609,3
5610,1
5611,9
5612,5
5613,1
5614,7
5615,7
5616,2
5617,9
5618,8
5619,3
5620,6
5621,2
5622,3
5623,9
5624,3
5625,7
5626,8
5627,9
5628,6
5629,1
5630,9
5631,5
5632,1
5633,5
5634,7
5635,4
5636,2
5637,5
5638,1
5639,1
5640,5
5641,8
5642,1
5643,0
5644,3
5645,4
5646,2
5647,1
5648,2
5649,5
5650,3
5651,0
5652,0
5653,2
5654,6
5655,4
5656,4
5657,1
5658,3
5659,7
5660,7
5661,4
5662,6
5663,5
5664,9
5665,3
5666,0
5667,6
5668,4
5669,6
5670,1
5671,8
5672,4
5673,1
5674,0
5675,0
5676,6
5677,3
5678,1
5679,1
5680,2
5681,8
5682,6
5683,9
5684,9
5685,4
5686,2
5687,9
5688,2
5689,7
5690,3
5691,1
5692,0
5693,7
5694,7
5695,6
5696,2
5697,2
5698,9
5699,2
5700,2
5701,3
5702,3
5703,8
5704,4
5705,5
5706,0
5707,9
5708,0
5709,5
5710,8
5711,6
5712,7
5713,6
5714,8
5715,4
5716,0
5717,7
5718,9
5719,7
5720,8
5721,2
5722,9
5723,1
5724,0
5725,4
5726,2
5727,8
5728,0
5729,3
5730,1
5731,0
5732,2
5733,4
5734,3
5735,2
5736,4
5737,2
5738,5
5739,1
5740,6
5741,3
5742,7
5743,5
5744,8
5745,0
5746,9
5747,3
5748,0
5749,9
5750,1
5751,1
5752,2
5753,2
5754,3
5755,7
5756,4
5757,1
5758,5
5759,0
5760,6
5761,7
5762,7
5763,3
5764,8
5765,3
5766,9
5767,9
5768,0
5769,8
5770,1
5771,3
5772,2
5773,3
5774,3
5775,9
5776,4
5777,4
5778,5
5779,0
5780,6
5781,1
5782,7
5783,6
5784,8
5785,3
5786,9
5787,7
5788,5
5789,4
5790,8
5791,3
5792,7
5793,3
5794,4
5795,1
5796,7
5797,1
5798,7
5799,9
5800,3
5801,1
5802,8
5803,7
5804,8
5805,3
5806,3
5807,6
5808,1
5809,6
5810,5
5811,3
5812,8
5813,5
5814,2
5815,2
5816,7
5817,3
5818,6
5819,8
5820,8
5821,6
5822,6
5823,7
5824,4
5825,3
5826,4
5827,4
5828,4
5829,1
5830,1
5831,6
5832,8
5833,4
5834,8
5835,1
5836,9
5837,7
5838,1
5839,1
5840,2
5841,9
5842,2
5843,1
5844,6
5845,5
5846,9
5847,8
5848,9
5849,2
5850,6
5851,5
5852,5
5853,3
5854,5
5855,0
5856,3
5857,6
5858,3
5859,4
5860,8
5861,5
5862,8
5863,0
5864,1
5865,3
5866,9
5867,4
5868,7
5869,4
5870,6
5871,5
5872,8
5873,2
5874,3
5875,0
5876,7
5877,0
5878,4
5879,7
5880,7
5881,2
5882,0
5883,3
5884,9
5885,1
5886,3
5887,2
5888,7
5889,0
5890,9
5891,7
5892,3
5893,5
5894,0
5895,2
5896,2
5897,1
5898,0
5899,4
5900,1
5901,3
5902,0
5903,0
5904,1
5905,4
5906,0
5907,6
5908,4
5909,9
5910,0
5911,7
5912,1
5913,2
5914,0
5915,9
5916,4
5917,5
5918,7
5919,9
5920,9
5921,2
5922,2
5923,0
5924,0
5925,6
5926,6
5927,6
5928,2
5929,4
5930,6
5931,3
5932,2
5933,2
5934,2
5935,3
5936,9
5937,9
5938,9
5939,7
5940,0
5941,1
5942,1
5943,0
5944,2
5945,5
5946,3
5947,8
5948,4
5949,8
5950,5
5951,0
5952,6
5953,7
5954,7
5955,0
5956,8
5957,6
5958,9
5959,4
5960,0
5961,6
5962,1
5963,0
5964,2
5965,1
5966,3
5967,9
5968,4
5969,6
5970,5
5971,7
5972,6
5973,8
5974,7
5975,9
5976,8
5977,6
5978,9
5979,8
5980,1
5981,5
5982,0
5983,0
5984,9
5985,0
5986,5
5987,3
5988,7
5989,0
5990,5
5991,4
5992,1
5993,6
5994,8
5995,4
5996,6
5997,7
5998,9
5999,1
6000,0
6001,2
6002,4
6003,9
6004,1
6005,8
6006,9
6007,8
6008,3
6009,5
6010,8
6011,6
6012,4
6013,2
6014,4
6015,8
6016,7
6017,1
6018,0
6019,8
6020,1
6021,0
6022,2
6023,4
6024,7
6025,0
6026,8
6027,5
6028,2
6029,9
6030,5
6031,8
6032,9
6033,7
6034,6
6035,1
6036,0
6037,3
6038,6
6039,3
6040,5
6041,1
6042,5
6043,0
6044,3
6045,2
6046,3
6047,9
6048,3
6049,3
6050,9
6051,6
6052,8
6053,6
6054,1
6055,9
6056,4
6057,3
6058,0
6059,0
6060,6
6061,4
6062,1
6063,1
6064,0
6065,4
6066,0
6067,9
6068,6
6069,1
6070,2
6071,6
6072,1
6073,4
6074,1
6075,2
6076,3
6077,7
6078,2
6079,9
6080,7
6081,5
6082,7
6083,4
6084,8
6085,7
6086,8
6087,6
6088,7
6089,6
6090,8
6091,8
6092,4
6093,2
6094,0
6095,4
6096,0
6097,9
6098,7
6099,1
6100,0
6101,5
6102,3
6103,7
6104,6
6105,1
6106,7
6107,5
6108,1
6109,4
6110,5
6111,6
6112,3
6113,3
6114,7
6115,2
6116,2
6117,3
6118,4
6119,3
6120,9
6121,9
6122,4
6123,1
6124,3
6125,2
6126,6
6127,4
6128,2
6129,6
6130,2
6131,6
6132,5
6133,3
6134,3
6135,9
6136,9
6137,9
6138,4
6139,0
6140,1
6141,3
6142,7
6143,1
6144,2
6145,2
6146,5
6147,4
6148,0
6149,5
6150,1
6151,1
6152,2
6153,6
6154,3
6155,1
6156,4
6157,3
6158,5
6159,6
6160,6
6161,6
6162,7
6163,7
6164,8
6165,3
6166,0
6167,8
6168,1
6169,4
6170,2
6171,8
6172,3
6173,2
6174,4
6175,8
6176,5
6177,0
6178,6
6179,0
6180,7
6181,7
6182,8
6183,8
6184,9
6185,1
6186,0
6187,3
6188,1
6189,4
6190,2
6191,6
6192,3
6193,8
6194,4
6195,4
6196,5
6197,3
6198,6
6199,9
6200,7
6201,8
6202,0
6203,7
6204,7
6205,6
6206,0
6207,4
6208,7
6209,4
6210,8
6211,6
6212,3
6213,2
6214,0
6215,0
6216,0
6217,2
6218,5
6219,5
6220,5
6221,7
6222,3
6223,7
6224,8
6225,0
6226,8
6227,3
6228,1
6229,3
6230,8
6231,6
6232,4
6233,1
6234,9
6235,2
6236,6
6237,0
6238,1
6239,9
6240,8
6241,7
6242,0
6243,9
6244,2
6245,6
6246,7
6247,9
6248,3
6249,2
6250,9
6251,8
6252,2
6253,8
6254,5
6255,7
6256,9
6257,5
6258,5
6259,2
6260,4
6261,3
6262,0
6263,8
6264,3
6265,0
6266,3
6267,9
6268,4
6269,5
6270,7
6271,5
6272,9
6273,1
6274,0
6275,3
6276,1
6277,8
6278,9
6279,6
6280,1
6281,6
6282,2
6283,0
6284,7
6285,1
6286,9
6287,9
6288,1
6289,5
6290,0
6291,3
6292,6
6293,9
6294,2
6295,7
6296,4
6297,8
6298,0
6299,2
6300,3
6301,9
6302,5
6303,5
6304,6
6305,9
6306,6
6307,2
6308,5
6309,8
6310,6
6311,6
6312,7
6313,6
6314,1
6315,2
6316,4
6317,9
6318,4
6319,3
6320,2
6321,3
6322,6
6323,9
6324,2
6325,3
6326,9
6327,0
6328,1
6329,5
6330,5
6331,7
6332,5
6333,0
6334,5
6335,4
6336,3
6337,1
6338,1
6339,8
6340,4
6341,1
6342,8
6343,2
6344,6
6345,9
6346,3
6347,7
6348,7
6349,1
6350,0
6351,1
6352,9
6353,1
6354,5
6355,2
6356,6
6357,8
6358,7
6359,0
6360,1
6361,3
6362,3
6363,2
6364,8
6365,9
6366,2
6367,1
6368,6
6369,5
6370,2
6371,3
6372,6
6373,3
6374,4
6375,3
6376,2
6377,7
6378,7
6379,7
6380,8
6381,0
6382,7
6383,7
6384,7
6385,2
6386,0
6387,6
6388,1
6389,0
6390,2
6391,9
6392,3
6393,7
6394,4
6395,7
6396,5
6397,3
6398,6
6399,7
6400,7
6401,7
6402,8
6403,4
6404,9
6405,9
6406,0
6407,1
6408,1
6409,2
6410,2
6411,0
6412,3
6413,2
6414,4
6415,9
6416,5
6417,4
6418,6
6419,6
6420,7
6421,7
6422,8
6423,3
6424,9
6425,8
6426,0
6427,6
6428,1
6429,9
6430,2
6431,7
6432,3
6433,4
6434,4
6435,8
6436,5
6437,9
6438,6
6439,9
6440,7
6441,0
6442,8
6443,4
6444,9
6445,4
6446,9
6447,4
6448,7
6449,3
6450,5
6451,4
6452,2
6453,8
6454,9
6455,4
6456,0
6457,5
6458,1
6459,3
6460,5
6461,4
6462,8
6463,6
6464,8
6465,4
6466,0
6467,8
6468,9
6469,4
6470,3
6471,4
6472,2
6473,7
6474,7
6475,6
6476,8
6477,7
6478,4
6479,5
6480,6
6481,7
6482,1
6483,1
6484,0
6485,3
6486,4
6487,5
6488,5
6489,4
6490,3
6491,3
6492,9
6493,8
6494,0
6495,5
6496,5
6497,6
6498,0
6499,5
6500,1
6501,7
6502,6
6503,0
6504,9
6505,3
6506,3
6507,1
6508,1
6509,2
6510,6
6511,5
6512,0
6513,8
6514,1
6515,0
6516,1
6517,6
6518,8
6519,1
6520,0
6521,6
6522,4
6523,4
6524,7
6525,9
6526,7
6527,7
6528,6
6529,4
6530,3
6531,1
6532,5
6533,0
6534,6
6535,2
6536,6
6537,6
6538,3
6539,4
6540,1
6541,3
6542,8
6543,8
6544,3
6545,7
6546,5
6547,0
6548,6
6549,9
6550,7
6551,6
6552,5
6553,6
6554,2
6555,0
6556,7
6557,4
6558,1
6559,7
6560,1
6561,0
6562,9
6563,8
6564,2
6565,4
6566,8
6567,7
6568,8
6569,2
6570,3
6571,9
6572,3
6573,5
6574,0
6575,5
6576,1
6577,7
6578,2
6579,4
6580,3
6581,3
6582,4
6583,7
6584,5
6585,4
6586,6
6587,6
6588,7
6589,4
6590,8
6591,9
6592,9
6593,4
6594,0
6595,7
6596,1
6597,5
6598,2
6599,7
6600,3
6601,6
6602,4
6603,9
6604,5
6605,0
6606,6
6607,4
6608,7
6609,5
6610,8
6611,1
6612,9
6613,9
6614,0
6615,6
6616,1
6617,2
6618,2
6619,0
6620,3
6621,9
6622,4
6623,1
6624,5
6625,1
6626,6
6627,4
6628,7
6629,8
6630,8
6631,1
6632,9
6633,6
6634,0
6635,9
6636,0
6637,4
6638,7
6639,2
6640,2
6641,7
6642,4
6643,4
6644,2
6645,9
6646,6
6647,7
6648,5
6649,3
6650,5
6651,1
6652,3
6653,1
6654,7
6655,0
6656,8
6657,0
6658,6
6659,6
6660,6
6661,9
6662,4
6663,9
6664,3
6665,1
6666,2
6667,5
6668,6
6669,1
6670,3
6671,4
6672,8
6673,7
6674,0
6675,3
6676,1
6677,4
6678,4
6679,7
6680,5
6681,9
6682,6
6683,0
6684,4
6685,1
6686,7
6687,6
6688,8
6689,0
6690,0
6691,1
6692,3
6693,2
6694,1
6695,6
6696,5
6697,5
6698,4
6699,9
6700,1
6701,3
6702,9
6703,2
6704,1
6705,2
6706,2
6707,9
6708,7
6709,4
6710,0
6711,0
6712,1
6713,5
6714,3
6715,7
6716,8
6717,9
6718,2
6719,0
6720,9
6721,8
6722,7
6723,5
6724,9
6725,5
6726,4
6727,0
6728,2
6729,9
6730,5
6731,3
6732,8
6733,1
6734,6
6735,8
6736,5
6737,4
6738,5
6739,6
6740,9
6741,7
6742,9
6743,9
6744,1
6745,4
6746,8
6747,6
6748,2
6749,0
6750,9
6751,5
6752,1
6753,9
6754,3
6755,7
6756,4
6757,5
6758,3
6759,5
6760,1
6761,4
6762,0
6763,1
6764,9
6765,2
6766,6
6767,0
6768,3
6769,9
6770,6
6771,5
6772,8
6773,7
6774,7
6775,1
6776,0
6777,7
6778,1
6779,1
6780,0
6781,9
6782,5
6783,4
6784,8
6785,3
6786,2
6787,5
6788,7
6789,7
6790,7
6791,4
6792,0
6793,7
6794,1
6795,4
6796,2
6797,7
6798,3
6799,5
6800,4
6801,1
6802,5
6803,0
6804,6
6805,0
6806,7
6807,0
6808,8
6809,3
6810,9
6811,2
6812,0
6813,6
6814,1
6815,3
6816,2
6817,6
6818,3
6819,8
6820,4
6821,6
6822,5
6823,7
6824,6
6825,8
6826,7
6827,4
6828,8
6829,0
6830,9
6831,5
6832,0
6833,6
6834,1
6835,3
6836,2
6837,1
6838,3
6839,4
6840,4
6841,8
6842,3
6843,2
6844,6
6845,5
6846,7
6847,3
6848,8
6849,7
6850,9
6851,1
6852,5
6853,8
6854,7
6855,7
6856,7
6857,2
6858,7
6859,6
6860,0
6861,1
6862,4
6863,0
6864,0
6865,8
6866,3
6867,2
6868,1
6869,1
6870,8
6871,0
6872,9
6873,4
6874,2
6875,4
6876,1
6877,4
6878,8
6879,6
6880,6
6881,5
6882,5
6883,4
6884,4
6885,5
6886,7
6887,3
6888,3
6889,0
6890,4
6891,8
6892,1
6893,7
6894,8
6895,8
6896,8
6897,7
6898,9
6899,8
6900,1
6901,5
6902,4
6903,6
6904,5
6905,2
6906,5
6907,4
6908,6
6909,9
6910,0
6911,4
6912,1
6913,9
6914,3
6915,8
6916,6
6917,4
6918,4
6919,4
6920,8
6921,9
6922,9
6923,2
6924,8
6925,1
6926,5
6927,3
6928,2
6929,5
6930,1
6931,7
6932,0
6933,5
6934,7
6935,0
6936,2
6937,2
6938,5
6939,8
6940,5
6941,6
6942,6
6943,7
6944,6
6945,6
6946,6
6947,2
6948,3
6949,4
6950,3
6951,8
6952,3
6953,8
6954,1
6955,0
6956,7
6957,6
6958,2
6959,3
6960,2
6961,2
6962,7
6963,9
6964,2
6965,5
6966,3
6967,6
6968,6
6969,4
6970,8
6971,2
6972,5
6973,7
6974,1
6975,3
6976,4
6977,0
6978,9
6979,5
6980,0
6981,1
6982,5
6983,3
6984,0
6985,4
6986,6
6987,1
6988,8
6989,6
6990,8
6991,7
6992,0
6993,5
6994,8
6995,8
6996,2
6997,8
6998,3
6999,5
7000,9
7001,7
7002,4
7003,7
7004,3
7005,7
7006,7
7007,0
7008,1
7009,6
7010,7
7011,2
7012,6
7013,8
7014,9
7015,6
7016,4
7017,5
7018,2
7019,8
7020,9
7021,1
7022,9
7023,0
7024,2
7025,9
7026,0
7027,6
7028,8
7029,1
7030,5
7031,0
7032,0
7033,4
7034,4
7035,6
7036,9
7037,1
7038,4
7039,7
7040,0
7041,6
7042,7
7043,5
7044,1
7045,3
7046,3
7047,5
7048,2
7049,7
7050,9
7051,9
7052,0
7053,6
7054,1
7055,5
7056,2
7057,1
7058,3
7059,8
7060,4
7061,7
7062,5
7063,8
7064,6
7065,1
7066,7
7067,0
7068,8
7069,6
7070,9
7071,8
7072,0
7073,9
7074,1
7075,9
7076,2
7077,8
7078,3
7079,4
7080,4
7081,6
7082,5
7083,7
7084,6
7085,0
7086,7
7087,2
7088,8
7089,2
7090,9
7091,0
7092,0
7093,5
7094,1
7095,3
7096,2
7097,8
7098,3
7099,7
7100,6
7101,2
7102,7
7103,9
7104,8
7105,3
7106,9
7107,1
7108,8
7109,6
7110,4
7111,2
7112,0
7113,8
7114,0
7115,3
7116,7
7117,0
7118,2
7119,7
7120,4
7121,8
7122,2
7123,9
7124,6
7125,0
7126,3
7127,2
7128,5
7129,9
7130,3
7131,5
7132,7
7133,6
7134,8
7135,1
7136,6
7137,0
7138,6
7139,5
7140,4
7141,1
7142,3
7143,5
7144,2
7145,7
7146,6
7147,2
7148,6
7149,9
7150,7
7151,1
7152,4
7153,6
7154,3
7155,3
7156,8
7157,2
7158,8
7159,7
7160,3
7161,5
7162,0
7163,9
7164,1
7165,9
7166,4
7167,1
7168,7
7169,7
7170,8
7171,1
7172,0
7173,9
7174,3
7175,4
7176,1
7177,4
7178,9
7179,2
7180,0
7181,4
7182,5
7183,4
7184,4
7185,2
7186,1
7187,8
7188,9
7189,3
7190,1
7191,0
7192,2
7193,2
7194,7
7195,4
7196,0
7197,7
7198,1
7199,1
7200,3
7201,2
7202,8
7203,9
7204,2
7205,4
7206,9
7207,7
7208,2
7209,6
7210,7
7211,1
7212,7
7213,4
7214,9
7215,7
7216,9
7217,8
7218,0
7219,4
7220,4
7221,2
7222,2
7223,6
7224,5
7225,2
7226,8
7227,5
7228,6
7229,8
7230,5
7231,9
7232,5
7233,3
7234,9
7235,1
7236,9
7237,0
7238,1
7239,6
7240,1
7241,2
7242,5
7243,4
7244,7
7245,9
7246,6
7247,5
7248,8
7249,5
7250,2
7251,1
7252,9
7253,4
7254,1
7255,1
7256,3
7257,1
7258,2
7259,5
7260,3
7261,6
7262,4
7263,2
7264,3
7265,3
7266,1
7267,1
7268,9
7269,9
7270,0
7271,6
7272,9
7273,8
7274,5
7275,8
7276,6
7277,7
7278,3
7279,1
7280,6
7281,2
7282,8
7283,2
7284,7
7285,3
7286,0
7287,6
7288,1
7289,9
7290,0
7291,9
7292,5
7293,6
7294,8
7295,0
7296,2
7297,3
7298,7
7299,5
7300,7
7301,1
7302,0
7303,9
7304,1
7305,0
7306,2
7307,7
7308,3
7309,5
7310,4
7311,7
7312,5
7313,5
7314,6
7315,5
7316,7
7317,4
7318,8
7319,9
7320,9
7321,8
7322,0
7323,4
7324,1
7325,3
7326,2
7327,2
7328,3
7329,5
7330,4
7331,9
7332,5
7333,7
7334,6
7335,0
7336,7
7337,8
7338,8
7339,8
7340,9
7341,7
7342,0
7343,7
7344,1
7345,1
7346,2
7347,4
7348,3
7349,8
7350,7
7351,9
7352,8
7353,1
7354,9
7355,4
7356,0
7357,5
7358,9
7359,1
7360,5
7361,5
7362,5
7363,2
7364,6
7365,8
7366,9
7367,3
7368,8
7369,9
7370,9
7371,4
7372,8
7373,8
7374,7
7375,3
7376,7
7377,3
7378,3
7379,9
7380,5
7381,1
7382,1
7383,6
7384,0
7385,6
7386,2
7387,4
7388,2
7389,7
7390,7
7391,5
7392,8
7393,9
7394,2
7395,8
7396,0
7397,1
7398,1
7399,4
7400,2
7401,0
7402,6
7403,5
7404,3
7405,9
7406,3
7407,5
7408,7
7409,3
7410,3
7411,7
7412,3
7413,8
7414,4
7415,2
7416,6
7417,3
7418,6
7419,4
7420,6
7421,8
7422,1
7423,5
7424,5
7425,1
7426,0
7427,8
7428,8
7429,3
7430,2
7431,3
7432,0
7433,1
7434,1
7435,0
7436,7
7437,6
7438,6
7439,1
7440,3
7441,8
7442,2
7443,1
7444,1
7445,8
7446,7
7447,3
7448,3
7449,9
7450,1
7451,6
7452,3
7453,2
7454,9
7455,7
7456,1
7457,2
7458,7
7459,5
7460,6
7461,6
7462,8
7463,0
7464,4
7465,6
7466,3
7467,0
7468,1
7469,5
7470,4
7471,6
7472,3
7473,6
7474,6
7475,1
7476,9
7477,2
7478,6
7479,6
7480,1
7481,6
7482,4
7483,8
7484,2
7485,9
7486,2
7487,3
7488,7
7489,6
7490,9
7491,4
7492,5
7493,3
7494,4
7495,0
7496,8
7497,6
7498,8
7499,6
7500,4
7501,2
7502,9
7503,3
7504,0
7505,4
7506,8
7507,4
7508,9
7509,3
7510,8
7511,9
7512,0
7513,5
7514,3
7515,4
7516,4
7517,2
7518,5
7519,5
7520,6
7521,8
7522,7
7523,3
7524,8
7525,6
7526,9
7527,3
7528,1
7529,1
7530,0
7531,7
7532,1
7533,1
7534,2
7535,6
7536,3
7537,4
7538,4
7539,2
7540,7
7541,7
7542,8
7543,5
7544,9
7545,4
7546,0
7547,3
7548,1
7549,9
7550,2
7551,5
7552,3
7553,6
7554,4
7555,8
7556,5
7557,3
7558,6
7559,8
7560,7
7561,9
7562,8
7563,2
7564,9
7565,2
7566,0
7567,8
7568,8
7569,9
7570,7
7571,4
7572,8
7573,1
7574,9
7575,3
7576,9
7577,6
7578,0
7579,8
7580,1
7581,9
7582,4
7583,6
7584,5
7585,8
7586,1
7587,8
7588,6
7589,6
7590,2
7591,7
7592,9
7593,6
7594,6
7595,9
7596,7
7597,1
7598,3
7599,6
7600,9
7601,5
7602,9
7603,2
7604,3
7605,3
7606,8
7607,5
7608,1
7609,4
7610,2
7611,3
7612,9
7613,6
7614,6
7615,4
7616,3
7617,3
7618,5
7619,9
7620,0
7621,1
7622,5
7623,5
7624,4
7625,0
7626,3
7627,1
7628,4
7629,2
7630,7
7631,4
7632,7
7633,6
7634,9
7635,4
7636,1
7637,7
7638,4
7639,8
7640,3
7641,8
7642,7
7643,9
7644,6
7645,7
7646,2
7647,3
7648,1
7649,8
7650,5
7651,0
7652,5
7653,4
7654,0
7655,2
7656,5
7657,5
7658,0
7659,2
7660,8
7661,2
7662,4
7663,7
7664,6
7665,3
7666,7
7667,8
7668,0
7669,2
7670,9
7671,8
7672,4
7673,9
7674,8
7675,0
7676,1
7677,8
7678,2
7679,8
7680,2
7681,5
7682,3
7683,2
7684,1
7685,6
7686,3
7687,8
7688,6
7689,2
7690,4
7691,5
7692,9
7693,1
7694,6
7695,0
7696,5
7697,3
7698,1
7699,8
7700,9
7701,8
7702,8
7703,8
7704,1
7705,2
7706,1
7707,3
7708,5
7709,9
7710,0
7711,3
7712,2
7713,3
7714,7
7715,5
7716,8
7717,9
7718,6
7719,6
7720,6
7721,3
7722,8
7723,7
7724,2
7725,1
7726,8
7727,2
7728,4
7729,2
7730,4
7731,8
7732,2
7733,4
7734,2
7735,4
7736,8
7737,7
7738,0
7739,4
7740,0
7741,9
7742,1
7743,7
7744,2
7745,6
7746,3
7747,2
7748,4
7749,0
7750,5
7751,7
7752,6
7753,0
7754,0
7755,8
7756,1
7757,2
7758,2
7759,4
7760,3
7761,1
7762,4
7763,9
7764,5
7765,8
7766,6
7767,3
7768,7
7769,2
7770,8
7771,4
7772,0
7773,4
7774,1
7775,2
7776,2
7777,9
7778,6
7779,7
7780,7
7781,9
7782,8
7783,3
7784,9
7785,6
7786,0
7787,6
7788,2
7789,4
7790,1
7791,5
7792,6
7793,7
7794,5
7795,5
7796,9
7797,0
7798,3
7799,7
7800,5
7801,5
7802,0
7803,2
7804,7
7805,4
7806,1
7807,1
7808,1
7809,3
7810,5
7811,2
7812,3
7813,2
7814,0
7815,3
7816,7
7817,5
7818,9
7819,6
7820,6
7821,3
7822,1
7823,2
7824,6
7825,5
7826,7
7827,5
7828,4
7829,9
7830,9
7831,2
7832,5
7833,5
7834,7
7835,5
7836,9
7837,4
7838,8
7839,7
7840,5
7841,1
7842,6
7843,8
7844,2
7845,7
7846,4
7847,3
7848,8
7849,5
7850,1
7851,8
7852,5
7853,2
7854,9
7855,7
7856,2
7857,1
7858,2
7859,4
7860,8
7861,1
7862,0
7863,8
7864,6
7865,3
7866,4
7867,1
7868,3
7869,3
7870,3
7871,8
7872,1
7873,2
7874,2
7875,2
7876,4
7877,4
7878,1
7879,3
7880,9
7881,2
7882,6
7883,4
7884,9
7885,0
7886,3
7887,8
7888,4
7889,2
7890,0
7891,4
7892,3
7893,1
7894,9
7895,3
7896,0
7897,9
7898,2
7899,0
7900,7
7901,3
7902,1
7903,2
7904,1
7905,5
7906,0
7907,9
7908,7
7909,6
7910,6
7911,2
7912,2
7913,1
7914,2
7915,8
7916,7
7917,1
7918,6
7919,6
7920,0
7921,0
7922,6
7923,5
7924,9
7925,9
7926,4
7927,7
7928,8
7929,0
7930,4
7931,9
7932,3
7933,3
7934,3
7935,3
7936,7
7937,7
7938,8
7939,2
7940,0
7941,5
7942,5
7943,3
7944,8
7945,9
7946,3
7947,8
7948,0
7949,7
7950,6
7951,0
7952,8
7953,8
7954,3
7955,8
7956,7
7957,0
7958,8
7959,1
7960,5
7961,3
7962,1
7963,8
7964,8
7965,4
7966,0
7967,6
7968,1
7969,5
7970,2
7971,1
7972,3
7973,3
7974,4
7975,1
7976,7
7977,2
7978,8
7979,4
7980,9
7981,0
7982,0
7983,5
7984,1
7985,1
7986,2
7987,0
7988,3
7989,3
7990,4
7991,9
7992,5
7993,8
7994,6
7995,0
7996,7
7997,9
7998,8
7999,3
8000,9
8001,0
8002,0
8003,2
8004,1
8005,7
8006,2
8007,9
8008,3
8009,2
8010,4
8011,8
8012,7
8013,7
8014,8
8015,9
8016,9
8017,8
8018,7
8019,8
8020,2
8021,8
8022,9
8023,0
8024,9
8025,1
8026,8
8027,7
8028,4
8029,3
8030,0
8031,6
8032,3
8033,0
8034,5
8035,3
8036,4
8037,4
8038,3
8039,3
8040,3
8041,2
8042,4
8043,4
8044,6
8045,1
8046,6
8047,6
8048,5
8049,2
8050,3
8051,8
8052,1
8053,8
8054,7
8055,2
8056,8
8057,0
8058,4
8059,9
8060,5
8061,7
8062,7
8063,5
8064,3
8065,0
8066,5
8067,9
8068,2
8069,4
8070,3
8071,1
8072,6
8073,5
8074,6
8075,2
8076,7
8077,1
8078,7
8079,5
8080,0
8081,7
8082,1
8083,4
8084,0
8085,5
8086,1
8087,0
8088,6
8089,4
8090,3
8091,3
8092,1
8093,5
8094,4
8095,5
8096,7
8097,0
8098,3
8099,0
8100,8
8101,4
8102,6
8103,3
8104,2
8105,1
8106,2
8107,5
8108,5
8109,9
8110,9
8111,8
8112,1
8113,8
8114,7
8115,6
8116,9
8117,5
8118,7
8119,7
8120,9
8121,7
8122,9
8123,2
8124,1
8125,1
8126,0
8127,4
8128,8
8129,3
8130,9
8131,6
8132,3
8133,3
8134,8
8135,6
8136,4
8137,5
8138,6
8139,3
8140,1
8141,7
8142,4
8143,7
8144,0
8145,0
8146,3
8147,2
8148,6
8149,9
8150,4
8151,3
8152,8
8153,8
8154,1
8155,3
8156,3
8157,0
8158,1
8159,4
8160,0
8161,2
8162,9
8163,1
8164,0
8165,7
8166,1
8167,8
8168,2
8169,1
8170,3
8171,3
8172,5
8173,7
8174,6
8175,9
8176,8
8177,9
8178,9
8179,1
8180,0
8181,1
8182,1
8183,3
8184,2
8185,2
8186,3
8187,3
8188,4
8189,0
8190,7
8191,1
8192,8
8193,0
8194,9
8195,8
8196,0
8197,0
8198,1
8199,8
8200,2
8201,4
8202,3
8203,7
8204,4
8205,8
8206,7
8207,2
8208,9
8209,6
8210,2
8211,0
8212,2
8213,0
8214,7
8215,1
8216,6
8217,2
8218,4
8219,9
8220,0
8221,1
8222,8
8223,0
8224,0
8225,6
8226,5
8227,7
8228,2
8229,4
8230,7
8231,4
8232,2
8233,6
8234,3
8235,5
8236,6
8237,7
8238,2
8239,3
8240,1
8241,6
8242,7
8243,8
8244,7
8245,1
8246,9
8247,7
8248,9
8249,9
8250,1
8251,0
8252,2
8253,2
8254,4
8255,4
8256,6
8257,8
8258,7
8259,1
8260,7
8261,7
8262,5
8263,9
8264,4
8265,6
8266,5
8267,2
8268,0
8269,7
8270,1
8271,6
8272,1
8273,9
8274,9
8275,6
8276,2
8277,7
8278,0
8279,2
8280,3
8281,5
8282,1
8283,2
8284,4
8285,0
8286,0
8287,8
8288,6
8289,9
8290,4
8291,9
8292,3
8293,6
8294,9
8295,1
8296,3
8297,0
8298,0
8299,1
8300,0
8301,3
8302,5
8303,5
8304,2
8305,0
8306,8
8307,9
8308,8
8309,3
8310,8
8311,2
8312,8
8313,2
8314,5
8315,4
8316,5
8317,8
8318,7
8319,7
8320,1
8321,2
8322,4
8323,2
8324,1
8325,9
8326,3
8327,6
8328,8
8329,3
8330,9
8331,7
8332,3
8333,5
8334,7
8335,8
8336,4
8337,2
8338,1
8339,7
8340,1
8341,7
8342,0
8343,0
8344,6
8345,0
8346,0
8347,6
8348,1
8349,0
8350,2
8351,2
8352,3
8353,0
8354,4
8355,8
8356,5
8357,6
8358,6
8359,3
8360,7
8361,9
8362,8
8363,2
8364,9
8365,4
8366,0
8367,2
8368,1
8369,0
8370,2
8371,0
8372,3
8373,3
8374,4
8375,4
8376,7
8377,5
8378,8
8379,8
8380,9
8381,0
8382,0
8383,2
8384,1
8385,8
8386,2
8387,7
8388,3
8389,8
8390,4
8391,2
8392,7
8393,4
8394,8
8395,6
8396,9
8397,9
8398,0
8399,6
8400,0
8401,8
8402,1
8403,1
8404,0
8405,0
8406,1
8407,1
8408,5
8409,3
8410,3
8411,4
8412,4
8413,2
8414,2
8415,6
8416,4
8417,3
8418,4
8419,6
8420,0
8421,7
8422,0
8423,3
8424,6
8425,9
8426,9
8427,7
8428,6
8429,7
8430,6
8431,4
8432,5
8433,6
8434,7
8435,6
8436,3
8437,5
8438,2
8439,1
8440,2
8441,0
8442,3
8443,0
8444,4
8445,5
8446,4
8447,9
8448,9
8449,1
8450,1
8451,2
8452,4
8453,7
8454,0
8455,0
8456,7
8457,6
8458,7
8459,2
8460,5
8461,3
8462,6
8463,7
8464,2
8465,5
8466,3
8467,7
8468,1
8469,1
8470,4
8471,0
8472,4
8473,9
8474,0
8475,0
8476,9
8477,5
8478,1
8479,4
8480,8
8481,3
8482,3
8483,5
8484,3
8485,7
8486,7
8487,7
8488,3
8489,7
8490,9
8491,9
8492,8
8493,5
8494,8
8495,5
8496,4
8497,5
8498,7
8499,2
8500,7
8501,6
8502,6
8503,6
8504,2
8505,4
8506,1
8507,1
8508,9
8509,5
8510,8
8511,2
8512,7
8513,4
8514,8
8515,1
8516,8
8517,4
8518,2
8519,1
8520,3
8521,7
8522,9
8523,5
8524,3
8525,7
8526,3
8527,4
8528,5
8529,4
8530,5
8531,2
8532,0
8533,6
8534,7
8535,9
8536,9
8537,3
8538,5
8539,4
8540,0
8541,5
8542,6
8543,7
8544,4
8545,6
8546,1
8547,7
8548,1
8549,6
8550,2
8551,6
8552,8
8553,0
8554,1
8555,9
8556,5
8557,5
8558,0
8559,4
8560,1
8561,6
8562,2
8563,7
8564,3
8565,6
8566,4
8567,8
8568,5
8569,2
8570,6
8571,1
8572,9
8573,2
8574,8
8575,0
8576,9
8577,6
8578,0
8579,4
8580,1
8581,7
8582,2
8583,1
8584,3
8585,6
8586,4
8587,9
8588,5
8589,3
8590,6
8591,6
8592,7
8593,7
8594,8
8595,6
8596,9
8597,2
8598,0
8599,2
8600,1
8601,9
8602,2
8603,5
8604,3
8605,5
8606,4
8607,0
8608,5
8609,2
8610,6
8611,3
8612,9
8613,6
8614,6
8615,9
8616,4
8617,1
8618,4
8619,6
8620,3
8621,5
8622,6
8623,0
8624,2
8625,8
8626,3
8627,1
8628,4
8629,8
8630,8
8631,1
8632,7
8633,6
8634,8
8635,4
8636,6
8637,6
8638,9
8639,2
8640,8
8641,1
8642,3
8643,6
8644,2
8645,4
8646,2
8647,0
8648,8
8649,2
8650,4
8651,2
8652,2
8653,3
8654,0
8655,0
8656,1
8657,5
8658,1
8659,6
8660,2
8661,8
8662,9
8663,8
8664,6
8665,7
8666,8
8667,1
8668,1
8669,9
8670,2
8671,4
8672,0
8673,2
8674,6
8675,1
8676,5
8677,8
8678,2
8679,1
8680,7
8681,2
8682,5
8683,0
8684,3
8685,8
8686,9
8687,6
8688,3
8689,0
8690,7
8691,6
8692,1
8693,6
8694,3
8695,8
8696,8
8697,1
8698,1
8699,9
8700,9
8701,7
8702,5
8703,6
8704,0
8705,1
8706,1
8707,1
8708,1
8709,1
8710,9
8711,7
8712,2
8713,9
8714,6
8715,6
8716,0
8717,6
8718,4
8719,8
8720,5
8721,6
8722,6
8723,1
8724,5
8725,1
8726,0
8727,0
8728,3
8729,5
8730,1
8731,0
8732,8
8733,1
8734,6
8735,1
8736,9
8737,0
8738,3
8739,4
8740,0
8741,4
8742,1
8743,4
8744,0
8745,7
8746,4
8747,7
8748,7
8749,7
8750,3
8751,5
8752,2
8753,8
8754,6
8755,5
8756,5
8757,6
8758,4
8759,1
8760,7
8761,4
8762,9
8763,7
8764,7
8765,1
8766,0
8767,4
8768,1
8769,7
8770,2
8771,1
8772,3
8773,2
8774,4
8775,1
8776,5
8777,7
8778,6
8779,3
8780,7
8781,1
8782,8
8783,0
8784,9
8785,2
8786,0
8787,8
8788,1
8789,5
8790,2
8791,6
8792,3
8793,7
8794,4
8795,9
8796,5
8797,1
8798,6
8799,7
8800,7
8801,1
8802,0
8803,2
8804,1
8805,9
8806,2
8807,5
8808,3
8809,8
8810,4
8811,4
8812,5
8813,1
8814,6
8815,1
8816,0
8817,0
8818,7
8819,6
8820,5
8821,6
8822,0
8823,3
8824,8
8825,1
8826,4
8827,6
8828,1
8829,7
8830,8
8831,8
8832,8
8833,0
8834,1
8835,5
8836,3
8837,5
8838,1
8839,8
8840,9
8841,7
8842,0
8843,9
8844,4
8845,3
8846,4
8847,5
8848,0
8849,8
8850,7
8851,5
8852,2
8853,5
8854,9
8855,5
8856,8
8857,0
8858,7
8859,4
8860,2
8861,2
8862,4
8863,7
8864,7
8865,4
8866,8
8867,5
8868,9
8869,5
8870,3
8871,5
8872,1
8873,4
8874,4
8875,9
8876,6
8877,6
8878,2
8879,2
8880,2
8881,8
8882,7
8883,6
8884,8
8885,6
8886,6
8887,0
8888,4
8889,9
8890,9
8891,5
8892,2
8893,7
8894,9
8895,2
8896,3
8897,4
8898,5
8899,5
8900,3
8901,5
8902,6
8903,0
8904,6
8905,0
8906,0
8907,1
8908,2
8909,1
8910,2
8911,4
8912,7
8913,3
8914,4
8915,7
8916,9
8917,9
8918,5
8919,6
8920,1
8921,5
8922,2
8923,9
8924,6
8925,1
8926,1
8927,1
8928,8
8929,0
8930,3
8931,7
8932,5
8933,9
8934,0
8935,2
8936,0
8937,6
8938,6
8939,0
8940,1
8941,5
8942,6
8943,7
8944,9
8945,8
8946,6
8947,9
8948,7
8949,0
8950,1
8951,5
8952,1
8953,4
8954,7
8955,3
8956,1
8957,3
8958,2
8959,4
8960,4
8961,1
8962,5
8963,2
8964,6
8965,0
8966,7
8967,1
8968,8
8969,5
8970,9
8971,7
8972,0
8973,6
8974,1
8975,3
8976,2
8977,8
8978,3
8979,1
8980,4
8981,7
8982,5
8983,9
8984,6
8985,8
8986,7
8987,0
8988,8
8989,0
8990,9
8991,9
8992,0
8993,1
8994,1
8995,3
8996,2
8997,6
8998,3
8999,5
9000,4
9001,7
9002,5
9003,9
9004,6
9005,5
9006,7
9007,1
9008,8
9009,0
9010,9
9011,9
9012,1
9013,2
9014,3
9015,3
9016,5
9017,1
9018,9
9019,7
9020,4
9021,8
9022,1
9023,6
9024,7
9025,6
9026,7
9027,2
9028,2
9029,4
9030,1
9031,7
9032,4
9033,2
9034,8
9035,5
9036,2
9037,7
9038,9
9039,6
9040,3
9041,9
9042,8
9043,2
9044,5
9045,0
9046,4
9047,3
9048,8
9049,1
9050,8
9051,0
9052,9
9053,7
9054,3
9055,4
9056,9
9057,7
9058,2
9059,0
9060,5
9061,5
9062,7
9063,6
9064,4
9065,4
9066,1
9067,1
9068,2
9069,2
9070,3
9071,1
9072,9
9073,5
9074,1
9075,8
9076,6
9077,4
9078,0
9079,7
9080,1
9081,7
9082,2
9083,1
9084,8
9085,8
9086,5
9087,8
9088,1
9089,2
9090,1
9091,5
9092,8
9093,0
9094,5
9095,4
9096,6
9097,6
9098,4
9099,6
9100,7
9101,8
9102,3
9103,1
9104,6
9105,2
9106,8
9107,5
9108,0
9109,8
9110,3
9111,1
9112,7
9113,8
9114,4
9115,4
9116,0
9117,0
9118,6
9119,6
9120,9
9121,8
9122,2
9123,9
9124,6
9125,3
9126,5
9127,2
9128,6
9129,2
9130,9
9131,5
9132,0
9133,7
9134,4
9135,3
9136,0
9137,3
9138,6
9139,5
9140,1
9141,4
9142,9
9143,3
9144,2
9145,5
9146,0
9147,3
9148,9
9149,4
9150,5
9151,7
9152,1
9153,9
9154,3
9155,8
9156,7
9157,0
9158,6
9159,7
9160,9
9161,1
9162,4
9163,7
9164,7
9165,4
9166,7
9167,2
9168,6
9169,0
9170,3
9171,1
9172,0
9173,9
9174,5
9175,5
9176,6
9177,5
9178,2
9179,6
9180,2
9181,4
9182,0
9183,5
9184,1
9185,8
9186,7
9187,5
9188,8
9189,0
9190,9
9191,8
9192,0
9193,9
9194,1
9195,2
9196,2
9197,7
9198,3
9199,8
9200,4
9201,6
9202,5
9203,4
9204,6
9205,2
9206,0
9207,7
9208,1
9209,4
9210,8
9211,1
9212,9
9213,3
9214,8
9215,7
9216,4
9217,1
9218,1
9219,1
9220,8
9221,4
9222,8
9223,6
9224,1
9225,3
9226,3
9227,4
9228,1
9229,3
9230,8
9231,6
9232,3
9233,7
9234,3
9235,9
9236,0
9237,7
9238,9
9239,6
9240,4
9241,3
9242,9
9243,9
9244,8
9245,2
9246,7
9247,6
9248,8
9249,2
9250,1
9251,2
9252,7
9253,7
9254,8
9255,1
9256,7
9257,7
9258,5
9259,9
9260,1
9261,1
9262,6
9263,2
9264,5
9265,2
9266,0
9267,4
9268,9
9269,7
9270,5
9271,0
9272,0
9273,9
9274,9
9275,2
9276,1
9277,9
9278,8
9279,6
9280,0
9281,7
9282,0
9283,3
9284,1
9285,2
9286,6
9287,0
9288,6
9289,4
9290,7
9291,7
9292,1
9293,0
9294,1
9295,1
9296,7
9297,0
9298,0
9299,7
9300,1
9301,4
9302,2
9303,7
9304,3
9305,7
9306,4
9307,9
9308,5
9309,3
9310,6
9311,8
9312,7
9313,8
9314,8
9315,1
9316,9
9317,2
9318,0
9319,1
9320,1
9321,4
9322,2
9323,4
9324,3
9325,7
9326,4
9327,1
9328,5
9329,6
9330,6
9331,7
9332,7
9333,2
9334,8
9335,8
9336,0
9337,8
9338,1
9339,9
9340,2
9341,6
9342,3
9343,3
9344,4
9345,1
9346,5
9347,8
9348,6
9349,1
9350,7
9351,3
9352,8
9353,4
9354,9
9355,6
9356,7
9357,5
9358,0
9359,3
9360,4
9361,2
9362,0
9363,5
9364,6
9365,3
9366,4
9367,3
9368,3
9369,5
9370,3
9371,4
9372,4
9373,6
9374,8
9375,5
9376,7
9377,9
9378,8
9379,3
9380,6
9381,1
9382,9
9383,3
9384,8
9385,8
9386,3
9387,8
9388,2
9389,2
9390,2
9391,9
9392,8
9393,7
9394,4
9395,1
9396,2
9397,6
9398,0
9399,0
9400,1
9401,5
9402,1
9403,1
9404,2
9405,2
9406,9
9407,6
9408,6
9409,9
9410,8
9411,2
9412,1
9413,2
9414,2
9415,9
9416,1
9417,9
9418,0
9419,5
9420,6
9421,8
9422,9
9423,6
9424,3
9425,4
9426,7
9427,7
9428,1
9429,9
9430,8
9431,6
9432,3
9433,7
9434,8
9435,9
9436,1
9437,0
9438,9
9439,1
9440,5
9441,2
9442,9
9443,6
9444,8
9445,0
9446,2
9447,4
9448,6
9449,6
9450,0
9451,5
9452,4
9453,2
9454,5
9455,6
9456,0
9457,5
9458,3
9459,2
9460,1
9461,4
9462,8
9463,0
9464,6
9465,3
9466,7
9467,0
9468,5
9469,6
9470,9
9471,2
9472,9
9473,5
9474,3
9475,1
9476,0
9477,9
9478,3
9479,0
9480,1
9481,8
9482,4
9483,3
9484,4
9485,8
9486,0
9487,7
9488,4
9489,7
9490,9
9491,4
9492,2
9493,6
9494,6
9495,7
9496,5
9497,7
9498,4
9499,2
9500,7
9501,6
9502,9
9503,6
9504,7
9505,1
9506,0
9507,8
9508,1
9509,8
9510,7
9511,1
9512,4
9513,1
9514,5
9515,4
9516,6
9517,5
9518,7
9519,7
9520,8
9521,6
9522,0
9523,5
9524,1
9525,2
9526,3
9527,2
9528,3
9529,7
9530,4
9531,1
9532,7
9533,3
9534,8
9535,6
9536,9
9537,7
9538,0
9539,2
9540,1
9541,4
9542,2
9543,1
9544,3
9545,4
9546,4
9547,4
9548,7
9549,0
9550,8
9551,8
9552,0
9553,7
9554,5
9555,3
9556,6
9557,7
9558,8
9559,7
9560,3
9561,6
9562,9
9563,6
9564,0
9565,8
9566,2
9567,4
9568,3
9569,0
9570,3
9571,1
9572,3
9573,2
9574,9
9575,6
9576,9
9577,0
9578,5
9579,6
9580,6
9581,2
9582,4
9583,6
9584,4
9585,2
9586,2
9587,8
9588,7
9589,0
9590,0
9591,7
9592,3
9593,8
9594,9
9595,1
9596,6
9597,7
9598,2
9599,6
9600,7
9601,7
9602,3
9603,0
9604,4
9605,1
9606,0
9607,1
9608,4
9609,3
9610,1
9611,4
9612,6
9613,9
9614,7
9615,6
9616,8
9617,5
9618,4
9619,0
9620,9
9621,8
9622,6
9623,5
9624,5
9625,8
9626,6
9627,3
9628,6
9629,4
9630,7
9631,6
9632,8
9633,7
9634,8
9635,2
9636,1
9637,6
9638,8
9639,4
9640,3
9641,2
9642,7
9643,5
9644,7
9645,1
9646,1
9647,4
9648,5
9649,6
9650,0
9651,2
9652,5
9653,5
9654,7
9655,3
9656,4
9657,4
9658,3
9659,5
9660,1
9661,9
9662,8
9663,2
9664,2
9665,0
9666,3
9667,5
9668,7
9669,7
9670,5
9671,9
9672,7
9673,6
9674,6
9675,8
9676,4
9677,2
9678,4
9679,5
9680,1
9681,8
9682,7
9683,6
9684,1
9685,8
9686,4
9687,1
9688,3
9689,0
9690,9
9691,9
9692,7
9693,8
9694,1
9695,3
9696,2
9697,1
9698,6
9699,8
9700,0
9701,4
9702,7
9703,5
9704,3
9705,1
9706,0
9707,9
9708,1
9709,6
9710,2
9711,5
9712,3
9713,2
9714,4
9715,9
9716,5
9717,0
9718,6
9719,2
9720,7
9721,8
9722,8
9723,9
9724,9
9725,5
9726,0
9727,1
9728,1
9729,4
9730,2
9731,2
9732,3
9733,7
9734,4
9735,4
9736,5
9737,0
9738,6
9739,6
9740,7
9741,0
9742,8
9743,7
9744,9
9745,5
9746,0
9747,0
9748,1
9749,6
9750,2
9751,6
9752,3
9753,2
9754,4
9755,1
9756,5
9757,4
9758,6
9759,5
9760,7
9761,2
9762,8
9763,3
9764,9
9765,4
9766,7
9767,7
9768,4
9769,5
9770,0
9771,6
9772,4
9773,8
9774,0
9775,9
9776,1
9777,7
9778,7
9779,4
9780,9
9781,9
9782,5
9783,7
9784,1
9785,1
9786,4
9787,7
9788,2
9789,1
9790,8
9791,4
9792,9
9793,1
9794,4
9795,1
9796,3
9797,1
9798,1
9799,5
9800,7
9801,4
9802,8
9803,1
9804,2
9805,5
9806,4
9807,0
9808,3
9809,3
9810,6
9811,1
9812,9
9813,0
9814,9
9815,2
9816,5
9817,5
9818,8
9819,9
9820,6
9821,9
9822,7
9823,7
9824,0
9825,2
9826,6
9827,4
9828,8
9829,7
9830,2
9831,9
9832,6
9833,4
9834,3
9835,2
9836,9
9837,1
9838,3
9839,8
9840,2
9841,9
9842,8
9843,0
9844,6
9845,8
9846,1
9847,8
9848,7
9849,0
9850,4
9851,8
9852,8
9853,6
9854,8
9855,0
9856,9
9857,9
9858,0
9859,7
9860,3
9861,3
9862,3
9863,0
9864,9
9865,1
9866,0
9867,0
9868,5
9869,6
9870,2
9871,0
9872,5
9873,6
9874,0
9875,6
9876,9
9877,4
9878,4
9879,4
9880,1
9881,4
9882,0
9883,9
9884,3
9885,9
9886,7
9887,2
9888,5
9889,1
9890,8
9891,9
9892,7
9893,6
9894,7
9895,1
9896,8
9897,9
9898,2
9899,0
9900,9
9901,8
9902,7
9903,9
9904,1
9905,8
9906,2
9907,0
9908,6
9909,5
9910,4
9911,8
9912,2
9913,4
9914,5
9915,7
9916,2
9917,4
9918,3
9919,7
9920,6
9921,3
9922,6
9923,4
9924,5
9925,2
9926,0
9927,1
9928,0
9929,3
9930,7
9931,2
9932,5
9933,4
9934,2
9935,9
9936,8
9937,9
9938,1
9939,3
9940,6
9941,2
9942,1
9943,5
9944,0
9945,9
9946,4
9947,3
9948,3
9949,3
9950,1
9951,7
9952,6
9953,0
9954,1
9955,7
9956,9
9957,0
9958,0
9959,1
9960,1
9961,9
9962,2
9963,4
9964,3
9965,5
9966,4
9967,9
9968,5
9969,2
9970,6
9971,3
9972,7
9973,4
9974,8
9975,9
9976,9
9977,2
9978,0
9979,6
9980,1
9981,4
9982,2
9983,0
9984,3
9985,6
9986,4
9987,3
9988,5
9989,0
9990,6
9991,5
9992,7
9993,9
9994,8
9995,7
9996,9
9997,9
9998,0
9999,8
